code/FB/TestMTT/SampleData/Outputs/testMTT_MAXSPREADDIR.asc
NCOLS 84
NROWS 94
XLLCORNER -2098.000000
YLLCORNER 3210.000000
CELLSIZE 30.000000
NODATA_VALUE -1
[rows 56 to 83 of 94, columns 0 to 61 of 84]
2.070395 2.074029 2.070605 2.070801 2.076195 2.075960 2.074257 2.074335 2.076198 2.078434 2.086951 2.090789 2.090789 2.092988 2.216190 2.355867 2.641515 2.621847 2.147268 2.057433 2.115654 2.158506 2.170276 2.087400 2.063522 2.084969 2.098209 2.093816 2.096072 2.141060 2.191730 2.213241 2.212734 2.198455 2.204813 2.163523 2.168738 2.217382 2.285949 2.337819 2.373900 2.417447 2.501971 2.533139 2.593249 2.770733 2.755152 2.725449 2.841222 2.584125 2.379755 2.421456 2.605382 2.772176 2.442065 2.373900 2.276620 2.201166 2.092912 2.109669 2.090763 2.091676
2.103231 2.075933 2.071513 2.071513 2.067056 2.076196 2.074349 2.073336 2.076174 2.078925 2.091845 2.123728 2.213023 2.316735 2.438816 2.573477 2.584691 2.831532 2.229376 2.100194 2.144549 2.140013 2.179641 2.095099 2.054293 2.086772 2.118967 2.119483 2.123333 2.149036 2.178481 2.204073 2.247067 2.275068 2.213176 2.202087 2.229064 2.259262 2.407896 2.455233 2.504667 2.583217 2.651659 2.699430 2.748174 2.861132 2.890769 2.945882 2.999211 3.002179 2.676727 2.532644 2.741273 2.580417 2.436810 2.377686 2.108396 2.198270 2.089196 2.089674 2.096107 2.097199
2.075752 2.078118 2.078218 2.071307 2.074737 2.076322 2.074383 2.076221 2.076640 2.090071 2.136370 2.256417 2.396991 2.460936 2.496730 2.565573 2.436729 2.934240 2.214199 2.157948 2.180189 2.173737 2.254016 2.120727 2.059675 2.039389 2.096075 2.126292 2.124763 2.140411 2.209847 2.224875 2.237940 2.205678 2.198455 2.213176 2.280522 2.358055 2.250394 2.295502 2.400938 2.493387 2.541757 2.636675 2.783695 2.851270 2.909326 2.991151 3.018876 3.042588 2.823180 2.535520 2.597122 2.682789 2.558212 2.369478 2.369478 2.203104 2.160985 2.088583 2.166040 2.152076
2.064105 2.078863 2.077955 2.076741 2.076350 -9999.000000 2.075312 2.075768 2.078619 2.109128 2.236157 2.377796 2.414980 2.465313 2.415521 2.353397 2.426333 3.141565 2.209672 2.142750 2.168750 2.231813 2.294837 2.165668 2.067023 1.970946 2.027114 2.081225 2.117242 2.152788 2.206235 2.228656 2.205678 2.209227 2.213176 2.266289 2.253556 2.260434 1.996993 2.002729 2.083441 2.209177 2.339476 2.539731 2.702383 2.792957 2.909326 2.909326 2.969231 3.031031 3.037725 2.909221 2.783955 3.066760 2.822457 2.629462 2.213260 2.152238 2.154865 2.168238 2.189280 2.156643
2.077330 2.071305 2.075436 -9999.000000 -9999.000000 -9999.000000 2.074126 2.075748 2.080058 2.154073 2.290448 2.293818 2.345527 2.364810 2.310585 2.268714 2.451547 2.804038 2.193862 2.091660 2.115301 2.226444 2.383373 2.292366 2.085899 1.949680 1.955535 2.018677 2.083187 2.146472 2.210540 2.125965 2.163862 2.198455 2.177742 2.129265 2.055860 2.036345 1.889521 1.889521 1.779923 1.846537 1.962662 2.088082 2.241448 2.174845 2.436147 2.677621 2.785368 2.829879 2.915047 3.034804 2.994986 2.947042 2.884199 2.539348 2.287240 2.092623 2.219269 2.187887 2.255951 2.192806
2.051257 2.079023 2.076850 2.076863 2.073784 2.072678 2.070853 2.077714 2.100733 2.193720 2.245399 2.293457 2.323023 2.289740 2.214372 2.193080 2.467661 2.506151 2.184038 2.089789 2.115301 2.227773 2.451725 2.499059 2.180429 2.032750 1.907053 1.940227 2.002761 2.048418 2.092643 1.947644 2.002761 2.023624 2.051582 2.068737 2.038520 1.986806 1.910769 1.860465 1.825641 1.712881 1.752972 1.827723 1.979816 2.174845 2.109417 2.218006 2.372928 2.467144 2.706822 2.952336 2.938318 2.727269 3.181358 2.532043 2.095323 2.293074 2.251247 2.273002 2.326977 2.236598
2.076942 2.075284 2.075991 2.074899 2.068865 2.068120 2.060304 2.074568 2.137521 2.203340 2.196584 2.218878 2.225623 2.140351 2.124077 2.150095 2.339957 2.437642 2.259778 2.133842 2.123260 2.193907 2.193907 2.305342 2.498879 2.527336 2.136282 2.002013 1.924941 1.906286 1.941870 1.930573 1.894929 1.834076 1.834125 1.984077 1.973305 1.922326 2.002385 1.908100 1.807071 1.733177 1.669962 1.654065 1.761382 1.933672 2.002461 2.077306 2.102087 2.310542 2.388900 2.616403 2.648773 2.101861 3.061825 2.761587 2.576098 2.461928 2.365983 2.324599 2.447300 2.113173
2.075604 2.070050 2.071598 2.073847 2.074624 2.067505 2.063847 2.101079 2.183937 2.261322 2.197785 2.137036 2.119469 2.094173 2.094173 2.084518 2.125543 2.218816 2.310303 2.343832 2.227594 2.145987 2.146390 2.186729 2.373492 2.547682 2.327627 2.094229 1.961456 1.943379 1.976141 1.954690 1.955383 1.926134 1.859729 1.951369 2.032239 2.029968 2.009065 1.870827 1.700457 1.946161 1.777508 -9999.000000 -9999.000000 -9999.000000 1.862550 1.989584 2.062596 2.079517 2.087193 2.337667 2.100729 2.110715 2.747250 3.031108 2.878503 2.765135 2.607575 2.501096 2.588215 2.430754
2.070878 2.074433 2.071286 2.073480 2.076262 2.071026 2.071026 2.083572 2.161923 2.140157 2.170048 2.190580 2.115591 2.083272 2.084463 2.086746 2.118762 2.186899 2.221825 2.260311 2.265604 2.185817 2.138353 2.196445 2.256734 2.373555 2.407228 2.154912 2.033042 1.920415 1.926483 1.867351 1.889632 1.881211 1.927051 1.987062 2.013081 2.037434 1.918042 1.916230 1.792518 1.936140 -9999.000000 -9999.000000 -9999.000000 1.823380 -9999.000000 -9999.000000 1.950580 2.042538 2.072979 2.079457 2.091241 2.120055 2.173862 2.891073 2.930207 2.993188 2.861132 2.730417 2.612136 2.114070
2.075699 2.089574 2.078845 2.075375 2.076942 2.081381 2.078933 2.071735 2.095766 1.918348 1.965261 2.052008 2.088664 2.082264 2.082240 2.084106 2.120347 2.176244 2.145915 2.208519 2.210113 2.231983 2.179808 2.268714 2.255554 2.313081 2.545675 2.373851 2.116415 1.965645 1.865155 1.822917 1.812173 1.812173 1.942456 1.963531 1.951261 1.939378 2.025032 1.987696 1.853169 1.946885 -9999.000000 -9999.000000 -9999.000000 -9999.000000 -9999.000000 -9999.000000 -9999.000000 1.972661 2.040602 2.076942 2.084315 2.109990 2.155600 2.744220 2.911834 2.927163 2.927163 2.805946 2.778240 2.733938
2.100736 2.108225 2.085961 2.076947 2.086838 2.133564 2.203378 2.096451 1.960164 1.888389 1.790277 1.894426 2.023349 2.072329 2.082142 2.088159 2.109240 2.142389 2.149706 2.178580 2.179913 2.230471 2.245387 2.268714 2.273661 2.313272 2.540971 2.499007 2.279122 2.084792 1.927380 1.997150 1.920311 1.856757 1.882222 1.872495 1.844628 1.897242 2.072941 2.058478 1.954014 1.750677 1.923623 -9999.000000 -9999.000000 -9999.000000 -9999.000000 -9999.000000 1.868627 1.944073 1.944073 2.020046 2.029360 2.077803 2.095966 2.120798 2.154487 2.190315 2.769616 2.779842 2.777014 2.763296
2.080958 2.059610 2.078182 2.076854 2.079419 2.151009 2.354749 2.324340 2.083366 2.128119 1.848067 1.701123 1.803671 2.022196 2.073476 2.090261 2.110168 2.089088 2.092885 2.142146 2.090880 2.095474 2.159658 2.201922 2.278661 2.397802 2.498548 2.498117 2.477094 2.228087 2.086783 2.137731 2.069795 2.002213 1.998604 1.997198 1.998377 2.045833 2.236622 2.250570 2.161474 2.161474 2.045501 1.847205 1.963148 1.922709 1.939948 1.915623 -9999.000000 -9999.000000 1.954740 2.014962 1.983911 2.066394 2.081898 2.096244 2.121123 2.142303 2.468654 2.658632 2.658662 2.679388
2.053455 2.053290 2.074690 2.076169 2.050908 2.042502 2.229131 2.427557 2.413425 2.338464 2.132864 1.795829 1.769478 1.898940 2.043921 2.084382 2.080144 2.089503 2.092814 2.089753 2.115884 2.103078 2.126641 2.119019 2.147969 2.247899 2.442620 2.489384 2.445292 2.422641 2.283713 2.543071 2.413569 2.413569 2.278643 2.212818 2.194464 2.194036 2.318551 2.353403 2.373829 2.416579 2.332614 2.137534 1.960558 1.991061 1.856852 1.825219 1.941069 1.878752 1.926630 1.998618 2.040424 2.047074 2.064080 2.075852 2.087862 2.103878 2.295515 2.418346 2.095694 2.086472
2.028346 2.076950 2.077163 2.081886 2.062678 2.003329 2.056570 2.236029 2.338518 2.335415 2.442065 2.104160 1.814725 1.819777 1.924982 2.051072 2.063696 2.073941 2.078934 2.095196 2.098334 2.094468 2.104948 2.076078 2.082091 2.082091 2.099204 2.212135 2.327839 2.345253 2.401855 2.519979 2.679234 2.669169 2.649996 2.585021 2.479247 2.384169 2.400344 2.424678 2.505099 2.553949 2.609471 2.492903 2.221695 2.022910 1.951754 1.867141 1.843477 1.906944 -9999.000000 1.955862 2.010010 2.035833 2.048736 2.057852 2.069215 2.083203 2.096297 2.217754 2.081439 2.084228
2.078992 2.110178 2.095124 2.116878 2.097184 2.011122 1.949895 2.003767 2.142837 2.135275 2.308711 2.305779 2.079893 1.884022 1.827480 1.957679 1.996993 1.984992 2.037092 2.058947 2.073243 2.083286 2.080130 2.073118 2.063269 2.073816 2.086741 2.160970 2.279243 2.362714 2.412585 2.457345 2.485964 2.557457 2.566288 2.628800 2.502062 2.435712 2.631610 2.634540 2.681631 2.690721 2.737786 2.848142 2.653071 2.198052 2.076942 1.771491 1.848781 1.980360 -9999.000000 1.976707 2.015093 2.060305 2.064988 2.065932 2.065932 2.073170 2.081639 2.083100 2.082954 2.101728
2.191992 2.246036 2.226599 2.200477 2.160825 2.068329 1.996017 1.957150 1.957150 2.084301 2.115057 2.182668 2.315156 2.318845 2.163882 2.026784 2.185683 2.114587 2.094281 2.088031 2.092828 2.088541 2.079443 2.069977 2.077570 2.075481 2.086608 2.125028 2.203904 2.339524 2.409864 2.505452 2.546857 2.572496 2.660266 2.767393 2.704992 2.649642 2.798610 2.816920 2.813356 2.820429 2.885226 2.934447 2.947522 2.555044 2.313141 2.001956 1.886204 1.961235 2.037477 2.036242 2.044888 2.042421 2.070942 2.078454 2.067161 2.064969 2.076367 2.080460 2.087369 2.104700
2.457921 2.455459 2.411973 2.345888 2.292901 2.272278 2.229131 2.170309 2.112699 2.193834 2.182116 2.168436 2.206406 2.300406 2.327298 2.257151 2.203444 2.195892 2.215601 2.200899 2.095619 2.120720 2.095461 2.087872 2.140919 2.121256 2.097986 2.109381 2.170560 2.260119 2.427777 2.396111 2.488361 2.524686 2.708892 2.802962 2.847097 2.820221 2.812566 2.873170 2.910859 2.958287 3.053124 3.133528 3.161123 3.096326 2.938374 2.118623 1.760125 1.703460 1.945811 1.978370 1.998618 1.945255 2.025857 2.062602 2.049734 2.071071 2.075225 2.081615 2.076063 2.082516
2.262331 2.412552 2.378951 2.381905 2.375678 2.408254 2.397174 2.318149 2.246778 2.253463 2.203485 2.225131 2.166098 2.179000 2.201297 2.150181 2.062558 2.071242 2.087444 2.092670 2.096136 2.092345 2.137917 2.161429 2.162532 2.128696 2.097906 2.088848 2.109577 2.207095 2.298513 2.130409 2.178138 2.247801 2.395308 2.582868 2.772919 2.800128 2.642390 2.731610 2.772027 2.833997 2.854478 3.048748 3.435213 3.416521 2.146689 2.476455 1.938281 1.497980 1.831170 -9999.000000 -9999.000000 -9999.000000 1.808738 1.927608 2.020974 2.049994 2.060255 2.069754 2.068330 2.076942
2.244310 2.484845 2.492292 2.418266 2.399022 2.487396 2.484545 2.359043 2.280557 2.103560 2.092855 2.175647 2.159600 2.104975 2.096190 2.082979 2.057863 1.994434 1.994132 2.056669 2.083312 2.089473 2.158722 2.174309 2.116370 2.111902 2.109519 2.089974 2.056904 2.055859 2.093709 1.986381 2.010086 2.024734 2.082573 2.213882 2.186590 2.524321 2.114010 2.236194 2.311155 2.394103 2.477279 2.775810 2.775810 3.250805 3.238332 3.355421 3.118855 2.318381 1.957936 1.565230 1.861054 1.492309 1.754238 1.788611 1.933879 2.012220 2.042939 2.004986 2.030529 2.073941
2.313917 2.310401 2.410657 2.353636 2.322419 2.396383 2.419312 2.280403 2.198992 2.078658 2.082335 2.134775 2.158048 2.110430 2.089895 2.079374 2.082615 2.065636 2.061981 2.012342 2.069125 2.088914 2.117782 2.133633 2.103075 2.108951 2.125876 2.106668 2.059489 1.990172 1.968932 1.930190 1.913186 1.903490 1.862992 1.862992 1.913498 2.030846 1.941082 2.014962 2.074706 2.139601 2.189132 2.238269 2.125386 2.659921 2.841089 3.194931 3.391970 2.890273 2.560765 2.162915 1.851057 2.022320 1.576744 1.802801 1.865801 1.964478 2.014265 2.045986 2.063904 2.075490
2.200200 2.253982 2.337762 2.297298 2.240839 2.259474 2.239245 2.184952 2.100471 2.061581 2.079739 2.128513 2.092478 2.173414 2.133974 2.108392 2.148501 2.118611 2.081415 2.047818 2.039539 2.068820 2.081738 2.095737 2.101749 2.108704 2.120102 2.120102 2.119019 2.088017 2.024088 2.018129 1.963352 1.923304 1.877324 1.793312 1.785620 1.958943 1.934131 1.944073 2.024730 2.073384 2.089503 2.173196 2.283963 2.417949 2.655284 3.049737 3.391970 2.905215 2.777591 2.731648 2.413569 2.395055 2.045503 1.754568 1.689288 1.948448 1.997166 2.040424 2.063904 2.073923
2.149891 2.452978 2.333034 2.179946 2.150606 2.114158 2.108681 2.107367 2.083014 2.075598 2.076942 2.082658 2.122737 2.150380 2.217606 2.210172 2.222168 2.200774 2.200774 2.142316 2.108058 2.080102 2.076083 2.076942 2.085330 2.096798 2.110500 2.121751 2.143572 2.122623 2.087883 2.082981 2.008128 1.967659 1.918337 1.826723 1.772761 1.745346 1.963258 1.934131 1.972921 2.032723 2.079621 2.092780 2.191511 2.431795 2.168871 3.062812 2.162128 2.795572 2.623989 2.713854 2.748133 2.385702 2.236151 2.030696 1.883193 1.824343 1.994500 2.020604 2.050625 2.031868
2.214213 2.599076 2.598573 2.166339 2.020042 2.063293 2.067842 2.078966 2.085814 2.071242 2.071242 2.072663 2.079350 2.092186 2.120974 2.177952 2.082197 2.091624 2.097060 2.106490 2.106859 2.092577 2.082659 2.076942 2.055527 2.069173 2.085950 2.114887 2.151680 2.162343 2.142572 2.099209 2.057634 2.010830 1.964590 1.880766 1.797087 1.783878 1.758575 1.745709 1.948448 1.987319 2.049756 2.083874 2.103734 2.127150 2.130392 3.027128 2.128374 2.431203 2.263699 2.326557 2.442620 2.250602 2.300689 2.150930 2.008242 1.890012 1.806481 1.991584 1.993515 1.963258
2.281865 2.599076 2.336605 2.530079 2.283192 2.102660 2.079912 2.073907 2.066887 2.067031 2.038489 2.031485 2.057883 2.066129 2.068837 2.075968 2.052136 2.059532 2.062054 2.038301 2.031637 2.059171 2.068642 2.061892 2.045810 2.048115 2.070554 2.097490 2.110228 2.140095 2.141060 2.104093 2.085251 2.047008 2.024666 1.982064 1.853617 1.821618 1.809943 1.768486 1.964177 1.962354 2.005054 2.061394 2.091916 2.116068 2.119370 2.747307 2.104345 2.093144 2.237081 2.199158 2.211396 2.200644 2.278070 2.213416 2.094437 1.989232 1.879631 1.780775 1.974289 1.965324
2.124696 2.205254 2.087796 2.198553 2.111901 2.110584 2.153740 2.150692 2.093010 2.089416 2.056747 2.029029 2.043825 2.029638 2.017458 2.027927 2.062665 2.067692 2.062282 2.037650 2.007511 2.037650 2.044445 2.023247 2.065877 2.064922 2.070905 2.084484 2.088081 2.090522 2.105734 2.125608 2.113909 2.072564 2.048685 2.025865 1.944809 1.870535 1.886199 1.860084 1.856065 1.986708 1.979595 2.024028 2.069254 2.097687 2.103734 2.664264 2.099836 2.086259 2.248189 2.185825 2.127628 2.133682 2.133682 2.158838 2.182045 2.154955 2.106199 2.048087 1.975024 1.935481
1.937455 2.034555 2.072236 2.081653 2.092894 2.099024 2.144894 2.134533 2.123942 2.125028 2.093066 2.073227 2.066841 2.056253 2.053398 2.047339 2.085798 2.085777 2.109655 2.114074 2.101440 2.095055 2.085133 2.078242 2.101215 2.075732 2.061228 2.073698 2.086343 2.093913 2.119227 2.133684 2.116775 2.090724 2.061658 2.055675 2.027483 1.968122 1.962460 1.931431 1.920082 2.015975 1.996591 1.996591 2.028436 2.075501 2.036498 2.089980 2.094303 2.107638 2.916683 2.517419 2.247181 2.195613 2.094945 2.076942 2.111328 2.123512 2.118623 2.089375 2.052919 2.052423
1.927769 2.003204 2.074263 2.084760 2.083956 2.087464 2.114441 2.114999 2.140735 2.140847 2.097162 2.092401 2.089451 2.081431 2.078116 2.078332 2.121146 2.153717 2.218347 2.221512 2.272874 2.250320 2.245754 2.207479 2.112720 2.077691 2.045844 2.057634 2.082501 2.108050 2.126712 2.163417 2.160165 2.125876 2.108287 2.094255 2.076942 2.076942 2.086308 2.000191 1.956372 1.932905 1.925285 1.907351 1.829337 1.992642 1.992021 2.046762 2.097888 2.119624 3.042600 3.161868 2.597339 2.487917 2.148502 2.063761 2.041342 2.065145 2.081471 2.079027 2.065308 2.073957
1.992016 2.033746 2.078567 2.080529 2.082560 2.085282 2.089247 2.114999 2.146290 2.126006 2.111561 2.104735 2.108681 2.100247 2.094326 2.100538 2.164123 2.210331 2.243347 2.299541 2.304198 2.305487 2.264976 2.197210 2.137597 2.090727 2.067100 2.060475 2.079131 2.079131 2.117512 2.163399 2.243231 2.267349 2.214382 2.185761 2.174934 2.138706 2.209404 2.112767 2.025647 1.961151 1.941158 1.930004 2.010262 1.980615 1.979785 2.030846 2.099525 2.120988 3.118065 3.355726 3.009472 2.975687 2.423800 2.122671 2.015878 2.023091 2.066053 2.083850 2.079943 2.140773
