code/FB/TestMTT/SampleData/Outputs/testMTT_ELLIPSEDIM_B.asc
NCOLS 84
NROWS 94
XLLCORNER -2098.000000
YLLCORNER 3210.000000
CELLSIZE 30.000000
NODATA_VALUE -1
[rows 56 to 83 of 94, columns 0 to 61 of 84]
1.355643 1.216650 3.956842 4.895553 32.298153 32.301914 0.525195 0.301726 0.301876 0.526490 0.325947 0.531651 0.531651 32.647747 1.381262 1.396640 1.628937 1.230096 3.437040 1.599589 3.924183 3.402185 0.299227 0.273483 1.165787 1.125058 1.206933 1.178428 1.146718 1.050252 1.252057 3.841820 3.920367 3.937614 1.477697 4.451768 4.377731 1.286280 1.443108 1.260114 1.280044 1.297081 1.393102 1.428758 1.382193 1.508714 1.443914 1.387577 1.179785 1.183294 1.508594 1.526172 1.227245 1.061524 1.278596 1.280044 1.220086 0.314396 15.302165 0.471283 19.683735 15.195143
1.336733 5.981122 4.879607 4.879607 3.961526 32.315708 0.696287 0.301821 0.350484 0.441000 0.306319 1.172947 1.187669 1.458165 1.779499 1.797323 1.358284 1.038616 1.116521 1.727434 1.523357 3.943099 1.081624 0.273031 0.318053 1.172351 1.321617 1.274078 1.272754 1.256711 3.557767 3.855288 1.462773 1.394701 4.000523 3.933509 1.436713 1.330698 1.396215 1.421514 1.504206 1.649968 1.755968 1.725549 1.609209 1.576114 1.551253 1.597564 1.721755 1.635424 1.663634 1.478300 1.099484 1.150965 1.299461 1.069482 15.397799 0.291797 15.266544 15.341862 19.775162 15.245975
4.814934 31.728970 15.071712 4.879920 16.240105 13.088403 0.387361 0.301851 0.440472 3.450330 1.200440 1.293941 1.498567 1.981074 2.129779 1.728681 1.126279 0.878231 1.231273 1.726504 1.483974 3.312366 0.959663 0.305070 0.331928 1.197983 1.224081 1.286491 3.522905 3.538877 1.235719 1.438396 1.466496 3.929266 3.937614 4.000523 1.523046 1.484894 1.334358 1.425351 1.497994 1.629559 1.963715 1.841651 1.661445 1.584127 1.623116 1.645120 1.721544 1.697234 1.524517 1.178125 1.045492 1.161913 1.056870 0.983356 0.983356 1.009877 0.287198 15.257597 0.321412 0.372354
5.955153 15.006897 15.129651 13.079791 32.333099 0.000000 0.440428 0.323365 0.527427 5.106111 1.444274 1.731590 2.085055 1.990877 1.853689 1.434883 1.014227 0.762702 1.262748 1.652843 1.275345 1.161968 1.015783 0.989840 0.326203 1.190221 1.162712 3.550418 3.568325 3.615355 1.385801 1.469986 3.929266 3.924886 4.000523 1.435647 1.533677 1.364259 1.310544 1.429768 1.463534 4.369709 4.577952 1.663728 1.780895 1.653569 1.623116 1.623116 1.664102 1.707360 1.788823 1.520872 1.137285 1.198734 1.216018 0.936699 2.939923 2.991690 0.303647 0.308323 0.308315 0.371597
15.128827 4.094503 4.889681 0.000000 0.000000 0.000000 0.323303 3.987978 32.464878 4.605717 1.822606 5.895022 5.317185 1.833806 1.460574 1.083457 0.967166 0.797105 1.168955 1.541055 1.305068 1.155976 0.943696 0.967864 0.391712 0.313727 1.192437 1.238024 1.243313 1.355915 1.317444 3.856762 3.897992 3.937614 3.817678 1.239089 3.545957 3.497602 4.279825 4.279825 1.561568 4.494539 6.056412 4.974099 4.879507 4.116932 1.512779 1.552569 1.581876 0.462276 1.711642 1.646246 0.390247 1.274062 0.987871 0.930699 0.290350 15.228518 0.946281 1.079529 1.040285 0.351297
1.023299 1.216609 19.536564 0.696461 0.696700 0.526018 0.352037 3.472908 4.182426 1.723009 1.957747 2.023700 1.847835 1.427546 1.161426 1.032340 0.830259 0.932273 1.083519 1.352211 1.305068 1.198869 1.059956 1.011486 0.283508 0.303805 1.232398 1.287687 3.780839 3.751618 1.285910 1.318762 3.780839 3.739983 3.702928 3.452656 1.227132 4.184634 1.177644 1.399979 1.681767 1.715757 0.653509 4.869596 4.391187 4.116932 0.567106 0.477345 1.586266 1.624033 1.495879 0.375387 1.460364 1.309444 0.888163 0.984154 15.137627 0.999536 0.291897 1.000960 1.140809 0.373905
0.965772 1.119870 1.045065 0.349772 0.301693 0.441140 1.248350 1.207813 1.285735 1.824780 2.036198 1.896845 1.542590 4.186923 1.070435 1.015890 0.902216 0.949710 1.098670 1.333503 1.240036 1.238395 1.238395 1.036102 1.085901 0.908701 0.289802 0.303872 1.238410 1.263515 1.412468 1.407723 1.266136 1.296571 1.256177 3.376383 1.411734 1.132006 1.274813 1.273516 1.445000 1.771365 0.593629 5.485575 5.769149 6.144485 15.933810 15.335447 19.742916 0.353486 1.496096 1.500365 0.410802 14.136849 1.085644 1.098437 1.099260 0.971897 0.988718 1.106196 1.185485 25.147861
1.107918 1.120283 0.300311 0.322476 0.387167 0.442759 0.548912 1.464080 1.489478 2.028717 2.062013 1.552481 1.340479 1.240681 1.240681 1.127918 0.965906 1.059323 1.102102 1.130251 1.209812 1.159540 1.143781 0.987922 1.024990 1.008853 0.977084 0.294110 1.160754 1.243680 3.817678 1.361564 1.335743 1.225437 1.195617 3.367692 3.962822 1.244088 1.387493 1.329124 1.427559 16.149746 6.263106 0.000000 0.000000 0.000000 16.835443 15.761166 15.332108 15.254289 15.223228 1.454116 14.459306 14.363168 0.436120 1.307018 1.223886 1.186469 1.213758 1.338648 1.318689 1.167258
1.029146 0.385664 0.283119 0.301178 0.387241 0.452327 0.452327 33.597519 1.723096 1.969710 5.667361 1.768236 1.287489 1.268432 1.052503 0.986034 1.039549 1.023689 1.059283 1.196576 1.162746 1.126955 1.002071 1.065559 1.130366 1.186580 1.171159 0.303428 0.325209 1.236977 1.311702 1.181993 1.229521 1.123795 1.157260 1.139716 1.149882 1.384302 1.224916 4.109301 4.562263 16.240843 0.000000 0.000000 0.000000 17.387152 0.000000 0.000000 33.512360 15.345279 15.243213 15.137923 14.614487 14.842651 14.976233 1.715124 0.451414 1.549619 1.576114 1.445682 1.372458 15.046831
1.181476 0.346586 0.522794 0.322412 0.387247 0.388851 0.468458 4.880142 1.784480 5.086754 5.387956 4.146025 3.619799 3.453468 1.232862 1.229460 1.125335 1.044177 3.460889 1.301321 1.299788 1.043729 1.155435 1.083457 1.146744 1.210353 1.076511 1.028348 0.275768 0.314730 1.214112 1.101483 1.133067 1.133067 1.409256 1.256028 1.156389 1.236364 4.901932 5.002619 3.822111 16.167368 0.000000 0.000000 0.000000 0.000000 0.000000 0.000000 0.000000 15.763100 15.412430 15.227737 14.999635 15.198781 15.224929 1.743553 1.825036 0.514716 0.514716 1.876898 0.397147 1.326544
1.022917 1.034097 0.517542 0.525682 0.391658 0.554713 1.446020 1.599589 1.723009 4.426472 5.481022 5.839223 3.596225 1.242720 1.237068 1.231442 1.130683 1.232620 1.255954 1.109375 1.181192 1.193178 1.173983 1.083457 1.069431 1.122090 0.954187 1.006487 0.928813 0.289507 0.297215 0.295913 0.299905 1.138201 1.179722 1.154575 1.161560 1.128302 1.135541 0.308404 0.329332 1.412930 16.274822 0.000000 0.000000 0.000000 0.000000 0.000000 17.309914 21.205084 21.205084 15.615406 0.362299 15.310843 15.301912 15.314420 15.362303 15.498782 1.718041 0.454184 1.460895 1.429393
3.402691 1.203947 0.378302 0.440231 0.544953 4.130552 1.465371 1.386115 1.352294 1.359789 4.261267 4.830793 1.357266 1.269208 1.242782 1.134311 1.242009 15.264776 15.298143 1.165736 15.335061 15.344687 0.449676 1.157697 1.163936 1.008367 1.026469 1.069192 0.914006 0.286939 0.275329 1.002524 0.289523 0.296688 0.331691 0.331220 0.296112 1.004004 0.315864 0.313612 0.305632 0.305632 0.308859 0.384658 15.874103 16.084234 16.314564 16.732979 0.000000 0.000000 21.581005 15.796610 0.388320 15.421268 15.332310 15.326911 15.378167 15.419655 1.744610 1.485167 1.324403 1.370610
3.953021 0.434343 0.438665 0.388029 0.426256 1.677443 1.592255 1.550379 1.455323 4.287239 1.185009 1.484894 4.361802 1.390919 1.276689 1.242492 15.287661 15.300089 15.294033 15.294332 1.262279 0.450261 0.449824 1.248270 1.141189 1.048984 0.935056 0.924901 0.966246 0.959476 1.023896 1.152736 1.117494 1.117494 1.101861 1.079956 0.300853 0.327814 1.269943 1.200681 1.237688 1.250711 1.186084 0.302771 0.294681 15.807326 1.529847 1.683061 17.092237 17.657867 16.824429 16.027830 15.669423 15.501058 15.378310 15.335319 15.315104 15.343216 1.543417 1.525863 14.923571 14.558743
0.383031 32.331142 0.440231 0.327894 0.418759 1.707171 1.768164 1.664244 4.663974 3.611255 1.278596 1.099542 1.535749 4.209507 1.374619 1.265992 15.339244 15.287930 15.242675 1.132753 1.247229 1.155948 1.076311 1.131445 1.049862 1.049862 1.045836 0.944142 0.996793 1.127695 1.191233 1.264572 1.346931 1.647985 1.467442 1.354725 1.310951 1.266816 1.353296 1.595307 1.446841 1.616564 1.457978 1.167655 0.282745 0.304788 0.380062 4.348097 4.600571 17.115566 0.000000 16.470621 15.870191 15.572584 15.447490 15.394317 15.356873 15.330264 15.322139 1.578486 14.927257 14.608516
0.323000 0.387140 0.325109 0.304011 1.291489 1.782657 1.703225 1.678674 3.847611 5.053126 3.336581 1.058346 1.147190 1.527507 1.371350 1.311376 1.310544 1.187938 3.049977 1.132864 1.131336 1.141075 1.141242 1.141217 1.134228 1.050004 0.985900 0.975076 0.930604 1.097377 1.247498 1.267007 1.486147 1.543020 1.642613 1.417065 1.533331 1.332818 1.970327 2.096877 1.817387 1.762964 1.549829 1.257854 1.081153 0.287796 0.290883 1.451223 4.446314 17.044134 0.000000 21.714586 15.898114 15.596005 15.503034 15.460643 15.460643 15.393570 15.307348 15.221958 15.059822 14.866372
0.384897 3.425831 0.315460 1.084298 1.361370 1.678015 1.599933 1.547255 1.547255 1.541156 4.172674 3.354391 1.233256 1.196152 1.226236 1.206517 1.112209 3.418758 3.331082 3.033366 1.006712 1.062268 1.052886 1.052567 1.052927 1.057178 1.130558 1.054753 1.153745 1.135851 1.208100 1.295266 1.419117 1.669738 1.739455 1.490889 1.464939 1.571100 2.722251 2.433955 2.229866 1.916048 1.566669 1.486812 1.359873 0.982094 0.290992 0.358206 1.955050 2.579387 17.130924 16.462906 15.901377 15.746156 15.555734 15.468324 0.381939 0.462845 15.310905 15.235257 15.204875 15.106394
1.149204 1.119125 1.229634 1.127404 1.261623 1.535233 1.592255 1.539695 1.493839 1.532467 1.150072 1.212642 1.146985 1.207721 1.176346 1.171814 1.107195 1.242121 1.078766 1.119427 15.342587 0.338631 1.166497 0.989298 1.075574 1.010309 1.138520 1.065511 1.187028 1.352944 1.289986 1.310423 1.357244 1.829316 1.719026 2.056932 2.078386 2.577765 2.891706 2.672397 2.536873 2.217400 1.901670 1.787275 1.611806 1.167546 0.990512 0.308498 0.497662 2.511693 16.753538 16.158350 16.027830 16.381804 15.764388 15.454597 0.376661 15.391800 15.310504 15.264272 15.289617 15.246305
1.094964 1.041228 1.108710 1.186345 1.682234 1.924971 1.726310 1.628704 1.589571 1.478990 1.305777 1.104675 1.075831 1.173626 1.142667 3.425314 1.078257 15.359973 0.368937 15.366877 15.331557 15.281224 0.358102 0.955454 1.078894 1.143019 1.131174 1.147793 1.222858 1.216328 1.347428 1.338451 1.396035 1.404013 1.515200 1.932749 2.231727 2.899981 2.400119 2.023741 1.890486 1.821047 1.915772 1.965284 1.799132 1.601207 23.465834 1.025971 0.350325 1.871521 16.905033 0.000000 0.000000 0.000000 17.577265 16.379627 15.629078 15.456460 15.405262 15.328404 15.324697 15.257048
1.294406 1.255352 1.152215 1.343403 2.000377 1.984271 1.633400 1.564241 1.533517 15.633769 15.296099 0.404288 1.002949 1.190860 1.015404 1.078800 1.061062 1.039679 0.356927 0.427075 15.303814 15.271775 0.338161 1.012654 1.138623 1.053318 1.128546 1.248972 1.343109 1.263248 1.165654 1.154519 1.099057 1.334031 1.395673 1.488097 16.688757 2.305670 15.739016 0.495602 1.582204 1.501750 1.587107 1.560186 1.560186 0.461751 1.729026 1.860478 1.308133 1.072968 0.314321 0.412880 16.477417 0.575787 18.052195 17.654051 16.160669 15.632829 15.469217 0.372831 0.370925 15.287930
1.261541 3.358223 1.248988 1.419351 2.094296 1.859839 1.451615 1.392652 1.452478 0.463003 15.259422 0.408088 1.054660 1.163663 1.069493 1.057156 2.991685 3.053755 25.256184 0.442194 19.784344 0.355853 1.137342 1.064685 1.236378 1.131384 1.052212 1.143858 1.114262 1.230948 1.149098 1.100111 1.119824 1.334358 1.396708 1.396708 1.482302 16.343851 16.540138 15.796610 15.362870 1.411561 1.505299 1.612877 15.159483 1.549356 1.428574 1.702167 1.497512 1.298632 1.173077 0.989389 0.332185 0.318554 1.883335 17.938482 16.928373 15.971646 15.672813 15.494553 15.457218 15.335205
1.265674 1.199601 1.062767 1.651662 5.393045 1.613631 1.217185 1.149098 1.285533 0.431171 15.288182 0.412879 15.251594 1.091810 1.079068 0.995124 3.052204 3.306994 25.236467 0.381453 0.351009 1.056797 1.131255 1.054684 1.237378 1.131848 1.134300 1.134300 1.248270 1.147882 1.033127 1.046553 1.147065 1.180879 1.253064 1.416735 1.527846 16.323471 16.473238 21.205084 15.666860 15.362083 15.300089 1.495564 1.315140 1.519303 1.588521 1.660572 1.497512 1.454110 1.591043 1.470196 1.117494 0.308938 1.257995 1.803938 2.157364 16.413004 16.019144 15.669423 15.457218 15.467905
1.304464 1.045431 1.082497 1.672534 1.626535 1.322443 1.065743 1.264927 1.192578 15.363193 0.451646 15.252341 3.242510 3.321156 1.108200 1.085079 1.021759 1.094782 1.094782 1.214897 0.355803 0.424281 19.646461 3.019351 1.069873 1.239823 1.054925 1.058908 1.073948 1.245396 1.062341 1.007447 1.060817 1.089425 1.206913 1.343742 1.408419 1.508344 16.186165 16.473238 16.110981 20.243910 15.362648 15.311798 1.496038 0.364426 19.441179 1.578779 14.450686 1.148276 1.196926 1.404772 1.351953 0.287336 1.130750 1.444721 1.580561 0.435543 16.247473 15.828816 15.574915 15.709394
1.545683 1.241129 1.159124 1.346840 1.333503 3.450006 1.242303 1.258448 1.156813 15.359973 15.359973 15.333144 3.236513 3.240695 3.077679 1.031345 0.987044 0.988374 0.286868 0.364539 0.300357 1.069188 1.141117 1.007568 1.146249 0.994145 0.989592 1.001893 1.085856 1.149122 0.998288 0.991221 1.026033 1.140443 1.111272 1.198223 1.373732 1.433103 1.515200 1.847031 16.413004 16.082266 15.572238 15.358231 15.381623 15.408567 15.267814 0.354705 14.188310 1.408574 1.370155 0.997060 0.935056 0.292399 1.110371 1.288442 1.362581 0.399523 0.407923 15.818349 15.850146 16.186165
1.699014 1.241129 1.176133 1.174889 1.184038 1.342630 3.453866 1.258425 1.258017 1.134948 3.085184 1.083254 1.139086 1.056476 3.034738 1.057185 1.050559 0.986526 1.050571 1.001633 1.009984 0.992623 3.002071 3.030726 3.034247 1.066617 0.948658 0.964122 1.075136 1.000686 1.050252 0.987416 0.964996 1.066850 1.143056 1.250679 1.223049 1.301777 1.378903 1.623385 16.363188 16.350309 15.949973 15.545498 15.453185 15.502619 19.760399 1.215722 13.890244 14.841082 0.296931 0.899641 0.256849 0.306770 1.132994 1.184086 1.227557 0.344694 0.323583 0.341877 15.928012 21.429092
5.597244 1.586395 1.130264 1.048335 15.356150 15.473075 0.460425 1.178279 1.061636 2.996606 1.077600 1.082497 0.994322 0.997190 1.003412 0.995861 1.050896 0.986396 1.050703 1.062632 0.963938 1.062632 1.055807 1.066868 1.156651 1.078458 1.089170 1.089116 1.069665 0.937352 0.932972 1.053308 1.012365 1.114815 1.206241 1.220072 1.082260 1.194705 1.305936 1.483171 1.645905 16.210827 16.307556 15.933965 15.660534 15.534944 15.381623 0.305549 13.670325 14.632870 0.264859 0.261631 0.268367 0.312888 0.312888 0.311316 1.113114 1.227720 0.342071 0.308933 1.021753 1.182905
1.930744 4.308624 15.284849 25.033636 15.306092 15.369550 0.456267 0.421014 1.056524 1.054753 3.029822 3.018933 1.052109 0.991798 3.020337 0.995881 0.942581 3.001585 1.003573 1.162743 3.097381 3.049916 3.233118 3.250655 3.044301 1.078910 1.038500 1.026874 1.148038 0.992808 0.936718 1.136404 1.062342 0.975338 1.114400 1.206933 1.143503 1.136318 1.343239 1.527509 1.483854 16.101219 16.255901 16.255901 16.038231 15.721772 16.055500 15.457218 14.852889 13.602327 1.008544 0.845457 0.276054 0.938373 0.286709 1.017354 0.319220 1.163138 0.308498 0.297319 1.025549 15.579962
4.574093 4.278545 15.362648 0.448602 15.301948 15.317246 0.421520 0.416929 1.054413 1.053895 3.000869 0.941777 0.942202 3.004418 3.267405 1.062905 1.083617 1.101817 1.077550 1.349423 1.189932 1.142067 1.114401 1.035072 1.051654 1.000251 1.037055 1.026033 1.156990 1.004004 0.995178 1.147462 1.002293 1.020851 1.084083 1.307924 1.114852 1.114852 1.243239 1.348298 0.407326 1.354052 1.411434 1.617419 0.436862 16.364792 21.575314 0.413295 15.124919 13.760477 1.285630 0.943202 0.919084 0.987075 0.292232 0.309242 1.102864 1.146998 1.089212 1.062893 0.308685 33.453629
1.461599 1.383565 15.394556 15.333851 15.331349 15.325499 19.710140 0.416929 0.992192 1.050374 1.053785 1.058420 1.065743 1.246662 3.050432 1.077099 1.134968 1.104963 1.203848 1.242933 1.205498 1.168886 1.190422 1.063306 1.041543 3.012803 1.038795 1.100623 1.114842 1.114842 1.022879 1.097511 1.033641 0.968864 1.055324 1.136318 1.249724 1.298811 1.188917 1.318441 1.350536 1.379006 1.375680 1.447267 16.081766 21.523159 21.947065 16.343851 15.314676 14.237935 1.498110 1.221901 1.066220 1.043705 0.956156 0.281851 0.304516 0.313026 0.297346 1.062689 15.287930 16.423532
