code/FB/TestMTT/SampleData/Outputs/testMTT_ELLIPSEDIM_C.asc
NCOLS 84
NROWS 94
XLLCORNER -2098.000000
YLLCORNER 3210.000000
CELLSIZE 30.000000
NODATA_VALUE -1
[rows 28 to 55 of 94, columns 0 to 61 of 84]
13.792462 13.753151 13.753151 2.994030 2.177926 2.070176 0.979369 0.708321 0.582644 0.671530 0.889084 1.064467 0.933773 1.002750 0.680420 3.241915 0.746875 1.890901 2.091765 2.317610 2.347616 0.796872 3.079543 3.357022 1.107973 0.855878 2.680089 3.030635 4.069253 3.816492 2.877264 3.898454 2.937905 2.429828 0.858912 2.494558 3.071888 4.053640 0.253738 0.891823 3.136461 0.000000 0.000000 14.616795 0.300253 1.099206 1.082581 1.487672 3.636270 2.992318 3.083993 2.518281 2.641604 0.829068 0.797998 0.793549 0.228198 0.228813 0.231041 0.841057 0.889084 2.713055
0.000000 0.000000 14.075378 3.488217 2.647773 1.068454 0.643098 0.632523 0.575653 0.624087 2.353118 1.232852 0.928478 0.986595 0.664580 0.587488 14.235884 2.402502 2.024017 0.738209 0.756611 0.757404 0.864842 0.900925 2.799104 2.602106 2.853483 3.937636 2.558510 0.810429 2.838163 2.973618 3.013410 2.484977 0.248054 0.287460 0.433464 0.290360 0.347932 0.000000 0.000000 0.000000 0.627586 0.265924 0.799929 1.113358 3.755231 4.217249 1.093683 0.886791 2.472761 2.479266 0.815906 0.813459 0.782403 0.782403 0.697031 0.222504 0.204880 0.226606 0.206773 0.300730
4.800334 14.436683 14.356482 30.548433 3.814740 0.704983 1.940741 1.863286 0.657230 0.684448 0.897919 1.060368 0.945448 0.730932 0.738430 14.306390 14.355264 2.906989 2.215606 0.743380 0.729818 0.706957 0.641783 0.768600 0.808119 0.829072 2.432052 2.930189 0.862536 0.816917 0.808915 0.282390 0.432676 0.431900 0.250913 0.252330 0.252948 0.226845 0.000000 0.000000 0.000000 0.300332 2.666961 2.758250 1.100335 3.407394 3.407394 1.234226 3.336800 3.042285 0.946759 0.699544 0.796361 0.914633 0.808048 0.784143 0.694540 0.866772 0.250702 0.226659 0.208937 0.233052
0.587025 2.773186 3.664862 5.954229 4.129680 4.035819 0.748276 0.774401 0.656650 0.971314 0.939004 0.909445 0.945448 0.961068 14.415246 14.195156 0.881677 2.182604 2.891111 2.772590 2.094478 2.081459 0.659381 0.684272 0.696993 0.743486 0.753306 0.765740 0.825104 0.825354 0.342083 0.434652 31.282169 31.281807 31.287897 31.289080 31.295225 31.336145 0.000000 9.076015 31.483040 0.353722 0.924068 2.669762 1.039227 3.328927 3.188576 1.139454 3.118877 1.085798 0.947954 0.889619 0.900298 0.910142 0.805310 0.878283 0.864489 0.868211 0.780458 0.226631 0.923183 0.239733
2.102228 16.960451 3.483420 3.960455 4.203896 4.217639 3.988224 0.795048 0.912673 0.793094 0.883053 0.875110 0.945000 2.429768 14.352083 14.195156 3.451183 3.720792 3.801893 3.636276 3.711254 13.747824 2.217365 0.716991 0.650233 0.715550 0.865115 0.783006 0.242360 0.286296 0.435100 0.000000 0.000000 0.000000 0.435500 31.291410 0.000000 0.000000 31.695215 14.869535 4.222236 0.827718 0.906558 0.926126 0.979591 1.251794 3.080171 3.011627 1.085141 1.008189 0.876234 0.904961 2.619460 0.810000 0.800843 0.878283 0.776531 0.645995 0.650666 0.721948 0.763083 0.824614
4.624963 3.358206 3.177084 0.841390 0.892309 1.070687 0.984649 0.948929 0.958202 0.930079 0.873842 0.937233 0.936551 0.848259 0.674154 0.823892 3.413032 3.789625 3.862760 3.685175 3.819131 3.819131 3.905187 2.360371 2.157885 0.809577 0.703301 0.692666 0.423156 0.432757 0.000000 0.000000 31.290939 31.298021 31.306904 0.438461 31.441950 31.595655 1.025014 0.837353 0.823256 0.702824 2.559618 2.597479 0.975481 1.055552 1.005342 1.073056 1.114344 1.179572 0.915652 0.773302 2.721826 2.602706 2.547951 0.882869 0.781600 0.660286 0.725551 0.746155 0.677810 0.787796
2.057771 0.584469 11.714612 3.533031 0.998590 0.863972 0.977424 1.189741 4.000256 1.179468 0.971926 3.138276 0.940692 0.940692 2.506960 2.162420 2.535563 3.490556 3.766820 2.371029 3.806020 3.966950 0.875924 0.841914 0.656916 0.824831 0.201149 0.221029 0.431559 0.000000 14.844773 31.288857 31.298120 31.367249 31.387932 0.205063 0.927552 2.901792 0.901091 2.824902 2.780042 2.629470 2.477524 0.791743 0.911724 0.821855 0.851484 1.077160 1.175706 3.912097 3.242970 1.075335 2.850556 2.633468 2.565737 0.882456 0.882869 2.550368 0.819584 0.709883 0.851872 0.849692
0.794061 2.091765 4.212242 3.639837 0.963102 0.963102 0.833795 1.184454 0.963796 3.990612 5.971637 3.872060 2.530942 14.959376 2.516425 2.781102 3.660713 3.478993 3.540098 2.240176 2.394410 0.883053 0.903331 2.425502 2.309383 2.416107 0.219361 0.288300 31.275311 0.000000 0.000000 0.000000 0.000000 0.000000 0.269729 0.227316 0.931600 1.030924 0.984132 2.715482 2.675235 2.566244 2.418144 2.497523 0.740614 0.816258 0.849663 1.076221 1.059621 3.535869 4.986805 3.168211 1.094185 2.697484 2.612388 2.563296 0.889619 2.555727 0.901107 0.719845 0.819459 0.828705
1.255488 3.465543 0.833327 2.422791 2.676575 2.214508 2.031555 0.775184 1.134515 0.851436 0.867408 2.429181 3.097658 2.680620 14.334952 3.796938 3.672288 3.408484 2.315528 2.132699 0.736044 0.806750 0.907419 0.815120 2.936009 3.018051 0.340888 31.270277 31.285818 0.000000 0.000000 0.000000 0.000000 3.518891 0.883445 0.264118 0.229821 1.017855 0.774669 0.920729 0.742226 2.562233 0.837612 0.845092 0.898414 0.814523 0.925625 1.027131 1.093683 4.116862 4.027441 3.311017 3.811938 2.908124 2.651287 0.912596 0.795943 0.795943 2.539861 0.647680 0.847792 0.652665
4.393222 15.478729 2.555714 1.948432 0.571681 0.606705 0.785920 3.752321 5.958314 0.999175 0.852195 0.856581 0.880850 0.928764 3.114550 2.887116 3.507015 2.273048 1.800694 0.748748 0.765698 2.597924 0.885808 2.479040 0.337346 0.341505 31.271677 0.000000 14.849607 31.291410 31.335093 0.000000 15.882332 3.278651 0.735678 0.698657 0.210024 0.274517 0.897642 0.858739 0.920729 0.884447 0.833327 0.831918 0.889266 0.812110 0.939695 1.014499 2.993943 2.993943 3.205611 4.096031 4.819136 16.165043 3.885717 2.841508 2.631403 2.576218 2.539861 0.868074 2.459265 0.829604
1.504404 15.541015 3.147657 0.606251 0.751423 3.376390 3.674475 30.874853 2.352467 2.586918 19.018749 0.774826 0.740868 0.898044 4.067412 2.856156 2.288017 1.715312 0.652385 0.720740 0.784097 4.088728 3.099378 4.030525 0.341803 0.434466 0.000000 9.011436 0.000000 0.000000 0.000000 32.101673 4.157481 1.009465 0.807100 2.380305 0.250929 0.256141 0.840826 0.962529 0.962529 0.837915 0.780406 0.818857 0.728965 0.651885 0.824878 3.293894 2.929290 3.589667 3.105363 3.832134 4.819136 3.693228 3.291366 3.004514 3.231936 2.592935 2.544668 0.868074 0.851872 0.827713
4.823149 15.492643 5.392613 2.372634 0.675327 0.882795 3.898171 2.612445 2.619767 14.615548 14.446623 14.389211 0.775876 0.722603 2.949620 2.516377 14.139144 2.614693 2.874000 0.763367 3.117112 31.283430 14.370500 0.343999 0.434652 0.000000 31.287399 0.000000 31.298172 0.000000 31.646994 3.758357 3.758357 1.310387 1.059113 0.892566 2.387995 2.977163 0.288252 0.277966 0.874259 0.881175 0.783900 0.735894 0.667012 0.928309 0.977003 0.972297 3.516668 3.822699 3.904001 1.239867 3.165590 3.324471 3.512611 3.004355 3.412261 2.685706 0.901543 2.526469 0.860873 0.836876
1.559620 32.728504 31.703140 3.065951 0.787085 1.165566 3.054553 2.324386 14.646724 14.411228 14.436683 14.301802 13.711600 0.568735 12.995315 13.986837 2.311598 2.354403 3.034083 0.878534 3.117670 31.279165 31.261766 0.435472 0.435472 0.000000 0.000000 31.291410 31.297192 0.000000 0.000000 2.941616 0.909968 1.068251 2.767905 0.811056 0.868493 0.814217 2.441731 0.260282 0.708815 0.882859 0.799712 0.882846 0.884276 3.316582 2.866834 2.746974 2.985626 3.990589 3.571037 3.373017 2.721826 0.952482 4.316593 4.491830 32.664879 32.623192 4.247592 0.904086 14.785487 0.846068
1.535510 15.323525 14.946486 3.041303 3.229155 0.879065 1.007891 1.010447 14.531867 14.358478 14.431755 14.204817 13.401600 3.270617 2.313589 2.313589 0.514021 0.189914 0.218797 31.248655 31.284679 31.294771 0.000000 31.296783 0.000000 31.298185 31.297062 0.345860 31.311623 31.358431 1.029818 0.898225 0.919732 2.945472 0.981752 0.759394 0.808048 2.441731 0.730734 0.217362 0.190095 0.237308 0.843533 0.916625 0.900095 0.882140 3.264087 3.175782 3.299957 4.441931 2.794938 0.948291 2.617263 2.646757 4.280408 32.242317 33.277351 5.182107 3.055564 3.309578 14.850592 14.739083
1.190828 15.032542 14.833640 14.756448 14.807390 1.233672 1.030075 1.030075 0.744138 14.372536 14.166377 14.014891 13.630270 13.370924 28.127932 1.986524 0.228563 0.282611 0.204260 0.253835 31.305712 31.307470 31.296232 0.000000 0.000000 0.436436 0.436330 31.324577 0.000000 0.629552 0.840321 1.226574 1.095516 3.383798 2.756022 0.863544 0.833173 0.702788 0.835590 2.400700 0.184521 0.209402 0.214091 0.199577 0.760298 0.206868 0.981045 2.581745 0.893550 2.631403 3.239384 3.210235 2.601620 3.426312 3.549814 4.860761 5.035700 3.963162 4.652077 14.968322 14.920028 14.821539
1.086344 15.066080 24.783606 14.742176 14.770047 0.891926 0.816521 0.817456 14.528506 13.831150 13.276670 0.000000 0.000000 13.086751 13.378129 2.800254 0.415309 0.435134 0.435896 0.436841 0.438230 31.312853 11.388901 31.340246 31.334669 0.437793 0.348230 0.298045 0.269941 0.763195 1.145391 3.179181 2.932946 2.802749 0.973671 0.988379 0.965347 0.897556 0.850088 0.832290 0.768032 0.811594 0.652868 0.189681 0.195756 0.235621 0.216932 0.826048 0.897967 3.149955 4.202920 3.334528 3.352130 2.699410 2.804015 2.977044 3.597129 3.060991 4.682262 4.682262 15.620048 15.210872
2.955690 14.920774 0.325908 14.641295 0.864043 0.811719 0.832163 0.809100 14.158263 13.173414 0.000000 0.000000 0.000000 0.000000 3.032421 3.414752 31.269291 0.435782 0.346796 0.439796 0.257530 0.439190 0.000000 0.814523 2.622193 0.804599 0.799696 0.660576 0.867689 1.094267 1.081723 2.972113 2.992494 1.024120 0.835445 2.894909 0.999421 0.917080 0.859102 0.749879 0.864126 0.799017 0.758952 0.863723 0.768265 0.936551 0.266768 0.216634 0.193283 0.258183 0.998267 0.998267 2.897295 0.943756 2.689551 2.742992 4.348471 4.360804 3.053291 1.232858 16.140816 15.552588
2.415397 0.936136 14.494234 0.796076 0.792859 0.832163 0.816920 0.753431 13.652609 0.000000 0.000000 0.000000 13.188997 3.269941 0.312582 31.134521 31.286030 0.291937 0.257935 0.232682 0.811854 2.623274 2.618296 0.743133 0.879537 0.820442 0.889930 0.848653 0.933776 3.032797 1.059113 2.902382 0.974526 0.922373 0.891841 0.836637 0.993909 0.739676 0.691234 0.701578 0.788154 0.908706 0.950392 0.950392 2.752865 2.850579 0.973326 0.936101 0.753677 0.211795 0.179087 0.198151 0.816694 0.944030 3.277933 2.700445 2.761310 3.604041 4.079030 4.479414 15.823571 15.315966
1.151529 1.154266 0.962460 14.636804 0.958248 0.856641 0.874845 14.456703 13.239003 0.000000 0.000000 13.129914 2.214584 0.325763 0.346272 0.435119 31.291058 2.585333 0.297501 0.235331 0.686123 0.752158 0.855705 0.807866 1.028246 0.765476 2.507453 0.828534 0.980924 1.135086 1.068251 2.977044 1.092804 0.948986 0.948986 0.965283 0.986262 0.943931 0.791013 0.788783 0.910874 0.712863 0.857453 0.997722 2.890659 1.035724 0.819048 0.697929 14.867107 14.882475 0.195611 0.200649 0.204553 0.273315 0.273986 0.266422 0.894499 1.329129 1.426564 3.875947 15.849692 15.486912
1.524679 4.358746 3.889631 14.734231 15.183358 14.931302 14.595167 14.039228 13.027136 13.002720 13.227913 4.241288 0.404181 31.304344 0.621525 31.284132 31.331961 2.643895 0.220804 0.237449 0.648928 0.781520 1.001094 0.857452 2.779314 0.915244 0.915244 2.431429 3.125172 0.898979 1.015931 1.308903 3.058586 1.077250 0.898564 1.010087 2.676032 0.908567 0.800726 0.814378 2.664085 0.962452 0.962963 0.913205 1.039692 15.006760 0.250761 19.294203 14.775978 14.874123 0.270214 0.885603 0.191469 0.212725 0.214769 0.213277 0.217252 0.810290 1.057314 1.648083 3.378098 20.386541
3.586627 1.430088 3.940785 1.658934 15.452192 14.845470 14.179265 13.323652 13.572674 6.103177 6.285310 0.000000 0.000000 0.437255 0.293285 31.308304 31.451035 4.368354 4.368354 0.901887 0.238197 0.216191 0.863544 0.898867 1.039503 0.995328 0.912083 0.832290 2.433468 2.657933 1.165481 1.154866 3.046316 1.061066 2.807950 0.949863 0.922290 0.906558 2.623755 0.834082 0.948759 0.857260 0.842777 0.857588 2.753897 14.956122 14.902161 14.790912 14.716514 14.872696 14.973047 0.274593 0.226658 0.697635 0.750691 0.806507 0.244625 0.217439 0.205100 0.274532 0.217877 1.111353
2.826187 1.311288 1.240692 4.336931 15.417842 14.640760 13.400631 13.066270 2.577047 2.577047 2.542635 3.628537 0.335882 31.292246 0.255582 0.292375 31.364597 0.000000 4.782249 0.818034 0.816521 0.233427 0.787023 1.058599 2.892791 0.998507 0.942714 0.868074 2.871358 2.581066 1.194178 1.170789 3.077315 2.908730 3.402774 0.959290 0.826436 2.607907 2.644529 0.947123 0.968782 0.952640 2.623578 0.927271 14.948951 14.954183 14.916018 14.836027 14.716514 14.896093 15.037457 15.079439 19.631132 0.657648 0.831611 1.008124 1.074232 0.952089 0.846780 0.215495 0.213119 1.057667
0.799539 0.880316 0.890942 1.048123 1.369200 1.208873 14.321126 13.374705 3.656449 2.323367 2.331452 0.275670 0.289560 0.291080 0.291887 0.346463 0.000000 3.829044 1.166819 0.895321 0.872072 0.255562 0.862609 0.870341 1.007718 0.996231 2.721826 2.572197 2.846025 0.840345 1.037683 3.745467 2.948137 1.040311 2.885195 2.830054 2.719772 3.206563 2.684346 0.953272 0.966209 2.708803 2.627559 14.894925 14.943683 0.973624 4.186178 3.147018 3.026305 1.198247 15.145405 15.136110 0.231095 0.884916 0.775264 1.208891 3.295264 1.118042 0.824919 0.220053 0.225399 1.217460
0.965054 0.988471 1.001877 1.047505 0.993909 0.820329 0.550057 2.288017 2.989717 0.243972 0.429861 31.253305 0.345677 0.206760 0.292107 31.313503 15.104610 1.352264 1.235174 0.910192 0.615675 0.205325 0.240384 0.872633 0.975900 2.720822 2.696146 2.602072 0.694661 0.609394 2.716355 3.811176 2.977044 2.894506 2.946196 2.890734 2.802444 3.297862 2.817415 0.977078 0.820224 2.734300 0.932337 0.919303 1.092211 2.836998 2.710905 2.560302 2.514276 1.017307 2.874798 2.506959 2.371939 3.138870 0.756987 0.985035 3.597260 3.597260 1.122634 0.879582 14.413169 0.197248
0.975789 0.975855 3.018051 6.088060 4.218412 0.834437 2.591696 3.683242 0.429641 31.253305 0.000000 0.000000 0.346832 0.293557 31.335093 0.000000 2.895236 1.200677 1.033783 0.785072 0.744934 0.228329 0.235635 0.905504 2.732098 0.948917 2.693150 0.818020 0.632682 0.675400 3.357363 3.328927 1.114106 3.655656 3.122937 3.027341 2.932946 3.453007 1.056844 1.020699 0.842858 0.980385 2.644927 2.695917 2.822236 2.843225 2.818849 2.685342 3.100102 2.585064 1.034813 0.848099 0.964344 4.048526 2.431429 3.366084 4.170725 3.695646 1.134294 14.870158 1.063561 0.203005
0.976778 3.891599 0.825949 0.882613 4.103869 2.393126 2.853483 0.423960 31.250198 14.844475 0.000000 0.435852 0.208194 31.337915 0.620965 31.408821 0.891668 0.962642 0.917822 0.878234 0.219544 0.235726 0.822960 0.791275 0.816464 0.850988 0.949424 2.620343 0.815120 0.636586 2.829501 1.100442 3.114786 3.073133 1.106838 0.981275 1.086774 1.086774 0.907954 0.880018 1.022500 0.995999 0.796876 0.762151 0.936551 2.843225 2.820111 0.933177 0.882869 0.742759 0.923432 0.898932 0.958831 0.873690 2.994841 3.418403 3.407394 3.992049 15.260321 14.870126 14.742176 0.243205
14.761052 3.918266 1.182136 0.876374 4.056581 3.038236 3.971361 0.431272 0.434380 31.286669 0.345860 0.227637 0.440156 31.369503 31.336983 2.621021 0.772539 0.830444 0.897989 0.816258 0.251952 0.233089 0.726639 0.774669 0.744330 0.742788 0.865523 2.607907 2.607907 0.825104 0.736006 2.944664 1.096761 3.187659 3.049874 1.068498 2.992960 1.085141 0.982964 0.878436 0.769537 0.820194 0.795260 0.856052 0.862607 1.085178 2.870084 0.831985 0.868211 0.816902 0.842752 1.027954 2.677351 2.951685 2.984403 2.925218 1.249997 0.927795 0.286248 0.263354 14.852737 14.745379
14.693708 4.003176 3.994166 3.071655 3.094348 14.348886 4.022831 0.433160 0.434380 0.435879 0.292068 31.365570 31.403904 31.495268 4.213263 0.858814 0.804084 0.960719 1.051785 2.992494 2.992494 0.901196 0.210609 0.201069 0.780033 0.800090 0.917502 0.965572 0.814291 0.757111 0.878431 1.100803 1.180734 1.193126 1.164568 3.032797 3.008129 1.009982 0.901271 0.871680 0.862280 0.833502 0.845084 0.867695 0.903566 1.142722 0.894532 0.873172 0.791761 0.835213 1.074408 2.951442 2.684464 2.291886 0.879437 1.037179 1.023513 0.846346 0.223351 14.967744 14.912991 2.245924
