code/FB/TestMTT/SampleData/Outputs/testMTT_FLAMELENGTH.asc
NCOLS 84
NROWS 94
XLLCORNER -2098.000000
YLLCORNER 3210.000000
CELLSIZE 30.000000
NODATA_VALUE -1
[rows 56 to 83 of 94, columns 0 to 62 of 84]
1.175954 1.109541 1.536691 1.715854 3.245723 3.245984 0.430729 0.321036 0.321276 0.431883 0.335917 0.434744 0.434744 3.265798 1.207273 1.216275 1.314250 1.125968 1.437187 1.307022 1.554060 1.426859 0.319586 0.305753 1.105162 1.085712 1.123357 1.107409 1.088045 1.033082 1.137999 1.535245 1.552318 1.556197 1.252901 1.654937 1.639774 1.163974 1.236137 1.152186 1.161745 1.169655 1.214511 1.230554 1.208180 1.262842 1.234105 3.168765 1.106184 1.109418 1.265166 1.272549 1.129068 1.037592 1.152113 1.161745 1.132413 0.285869 3.012024 0.409099 13.201227 3.000505 1.021249
1.164714 3.362274 2.704883 2.704883 1.538873 3.246842 0.497885 0.321248 0.348188 0.393779 0.325220 1.103868 1.116057 1.245072 1.379705 1.385677 1.191660 1.020198 1.066308 1.360152 1.273754 1.537288 1.040643 0.305326 0.334539 1.110779 1.178248 1.152583 1.151754 1.141538 1.469555 1.538337 1.245696 1.216175 1.569344 1.555274 1.233734 1.185661 1.217052 1.228190 1.264755 1.326092 1.368344 1.355456 1.306619 1.291234 1.279999 1.297941 3.820238 1.313462 1.330490 1.251691 1.062442 1.082744 1.163127 1.054675 3.021574 0.273325 3.008235 3.016282 10.894382 3.005933 2.993177
2.625078 3.213647 2.986573 2.666420 4.480890 1.287604 0.367424 0.321422 0.393356 1.443202 1.119465 1.169770 1.263848 1.456666 1.510224 1.358468 1.066548 0.924191 1.125053 1.360132 1.255919 1.401196 0.971914 0.324066 0.342168 1.123950 1.132622 1.159444 1.461988 1.465689 1.137788 1.234564 1.247497 1.554320 1.556197 1.569344 1.272727 1.256729 1.187536 1.230255 1.263101 1.318617 4.281970 4.137872 1.327879 1.294833 1.310215 1.317742 1.347846 1.338115 1.269657 1.107208 1.027876 1.093713 1.042861 1.003583 1.003583 1.016135 0.277214 3.007251 0.356898 0.346599 3.006230
3.667959 2.979788 2.992736 1.286508 3.248168 0.000000 0.393288 0.333783 0.432472 1.767721 1.239386 1.361334 1.494827 1.460267 1.408901 1.231447 0.998222 0.856350 1.144302 1.330331 1.158866 1.081679 1.002421 1.001641 0.338101 1.119716 1.103374 1.469633 1.473639 1.484399 1.209605 1.249183 1.554320 1.553335 1.569344 1.235231 1.277687 1.201885 1.172023 1.231073 1.248620 1.644045 2.525946 1.331704 3.959991 1.324449 1.310215 1.310215 1.326077 1.342501 4.104403 3.557949 1.082590 1.111774 2.841107 0.973676 4.254530 5.345954 0.282491 0.326359 0.351689 0.380141 3.004757
2.992831 2.375816 2.715963 0.000000 0.000000 0.000000 0.333661 1.551523 3.256193 1.685460 1.397675 1.910815 1.815470 1.401177 1.246218 1.055558 0.969759 0.877836 1.100168 1.282838 1.169616 1.077632 0.966173 0.987405 0.370641 0.331850 1.118728 1.139804 1.142791 1.195438 1.179601 1.539517 1.548099 1.556197 1.530443 1.140406 1.468401 1.455505 2.610245 2.610245 1.288797 2.999914 4.558415 3.440128 3.109516 2.256583 1.266345 3.632638 3.839375 0.341917 3.872948 3.739994 0.286211 2.998377 2.404279 0.961435 0.224432 3.004063 0.979497 1.053826 1.039357 0.341368 3.003298
1.008716 1.109494 13.652360 0.497952 0.498158 0.431472 0.349734 1.449721 1.599138 1.358632 1.449167 1.473401 1.406954 1.231317 1.101868 1.020478 0.892669 0.956091 1.056495 1.198422 1.169616 1.104889 1.034886 1.011803 0.310659 0.325208 1.139060 1.164723 1.522613 1.516494 1.164561 1.180286 1.522613 1.513690 1.505524 1.444013 1.120827 2.333628 1.104738 1.215475 1.338914 1.354137 0.486059 3.620607 2.838779 2.256583 0.451266 0.411800 3.926214 3.939153 3.657233 0.285386 3.428139 3.092741 0.935893 0.989650 2.994564 1.008864 0.238155 1.015498 1.092352 0.324530 2.998386
0.977607 1.062470 1.024904 0.347295 0.321121 0.393779 1.137691 1.123882 1.166427 1.398856 1.478281 1.426497 1.281832 1.599467 1.048959 1.006183 0.936675 0.971641 1.065035 1.187920 1.140942 1.129422 1.129422 1.025281 1.050974 0.955798 0.315551 0.325985 1.142290 1.154792 1.222419 1.220034 1.153182 1.168006 1.147218 1.419575 1.201024 1.076495 1.152375 1.157150 1.238792 4.074829 0.463039 3.512907 3.558004 4.293845 3.072229 3.015767 12.745973 0.295737 3.768275 3.596030 0.378213 2.889740 1.240503 1.058430 1.063522 0.995972 1.006963 1.073307 1.114656 7.663599 2.932985
1.053475 1.063055 0.319621 0.332464 0.367069 0.394933 0.443098 1.247149 1.261001 1.475362 1.487703 1.288185 1.187886 1.132564 1.132564 1.073190 0.980146 1.027543 1.058482 1.082776 1.127575 1.101525 1.084654 1.000282 1.018988 1.010516 0.994128 0.318859 1.104315 1.145114 1.530443 1.197716 1.184627 1.132002 1.114575 1.418084 1.542145 1.133878 1.200868 1.180024 1.229546 3.090619 4.224738 0.000000 0.000000 0.000000 3.149095 3.055708 3.015235 3.007186 3.003451 3.652848 2.924025 2.914389 0.391153 1.164657 1.128058 1.110834 1.127159 1.188796 3.165416 2.875738 2.581776
1.012207 0.365676 0.309530 0.320406 0.367247 0.400458 0.400458 3.313543 1.358282 1.453993 1.874544 1.376346 1.167341 1.149787 1.036517 0.998001 1.023059 1.013895 1.039981 1.115502 1.101960 1.082872 1.011516 1.044320 1.075628 1.100659 1.092243 0.322717 0.337458 1.141521 1.176611 1.112177 1.133725 1.079845 1.092558 1.081546 1.088984 1.199583 1.121346 1.579716 3.509337 3.098611 0.000000 0.000000 0.000000 3.195034 0.000000 0.000000 3.307001 3.016154 3.005825 2.994021 2.939889 2.964890 2.979727 3.954013 0.349769 1.277203 1.291234 1.236276 3.195540 2.985667 0.914658
1.086253 0.344915 0.429146 0.332375 0.367211 0.368715 0.408744 1.737580 1.383292 1.776463 1.827323 1.600155 1.486334 1.444296 1.127132 1.122958 1.070411 1.028834 1.444247 1.166244 1.165382 1.037817 1.091907 1.055558 1.085914 1.113655 1.045792 1.021125 0.307388 0.331866 1.129171 1.070577 1.084404 1.084404 1.212511 1.140454 1.092229 1.128232 1.720777 1.744269 2.461257 3.092238 0.000000 0.000000 0.000000 0.000000 0.000000 0.000000 0.000000 3.055588 3.022946 3.003895 2.979795 3.001133 3.004162 4.145142 4.217569 0.430284 0.430284 4.364997 0.298675 3.094754 2.927271
1.008326 1.017565 0.426281 0.431084 0.370602 0.445626 1.238313 1.307022 1.358632 1.654534 2.988075 3.953889 1.480213 1.134257 1.130373 1.125331 1.075205 1.125388 1.141047 1.072664 1.107761 1.113953 1.102544 1.055558 1.046667 1.070956 0.981048 1.008722 0.967254 0.315607 0.321637 0.319859 0.322289 1.087830 1.105665 1.090673 1.094768 1.074314 1.080555 0.326699 0.339745 1.223362 3.101353 0.000000 0.000000 0.000000 0.000000 0.000000 3.190327 14.722817 14.722817 3.042470 0.347319 3.013236 3.011916 3.012938 3.017634 3.030690 4.009970 0.352901 3.431430 3.297297 2.983142
1.422928 1.101312 0.360675 0.393081 0.441276 1.596810 1.249023 1.213159 1.198463 1.197497 1.621537 1.727968 1.197584 1.149523 1.134308 1.079327 1.132872 3.008041 3.011593 1.099155 3.015552 3.016438 0.345476 1.093062 1.096301 1.014598 1.020965 1.041054 0.958977 0.313311 0.307199 1.011873 0.315621 0.320413 0.339577 0.339253 0.320001 1.013767 0.332421 0.330995 0.326266 0.326266 0.328416 0.369711 3.065736 3.084217 3.105371 3.141926 0.000000 0.000000 15.995171 3.059655 0.369413 3.024339 3.015423 3.014560 3.019359 3.023277 4.070466 3.485245 3.179002 3.240469 2.864336
1.537703 0.389086 0.391588 0.368105 0.389692 1.340283 1.304843 1.284899 1.242782 1.617889 1.110776 1.256729 1.640274 1.211541 1.154212 1.134069 3.010797 3.011903 3.011151 3.011275 1.145764 0.367566 0.350885 1.136882 1.082790 1.033160 0.967812 0.961803 0.988099 0.988263 1.024753 1.096158 1.078554 1.078554 1.071426 1.059732 0.324022 0.339664 1.157324 1.123641 1.140370 1.146496 1.113813 0.324501 0.320116 3.060082 1.277816 1.342021 3.174698 3.220723 3.150459 3.080879 3.048117 3.031915 3.020000 3.015753 3.013541 3.016078 3.703579 3.599736 2.972378 2.933766 2.922150
0.364423 3.247837 0.393077 0.337344 0.386955 1.352414 1.376871 1.333796 1.694071 1.480479 1.152113 1.067799 1.277790 1.610717 1.203849 1.148199 3.016001 3.010828 3.005862 1.077740 1.136849 1.093990 1.053354 1.077390 1.033936 1.033936 1.027829 0.968029 0.999815 1.074621 1.111272 1.152182 1.191487 3.673642 1.246439 1.196537 1.177051 1.156617 1.197003 3.574337 1.239134 3.662755 3.345610 1.102036 0.312052 0.326578 0.368271 5.787683 6.114133 3.175210 0.000000 3.119985 3.066467 3.038673 3.026645 3.021502 3.017900 3.015198 3.014056 3.882776 2.972105 2.938891 0.255541
0.333028 0.367207 0.335177 0.325349 1.170318 1.382524 1.350752 1.340134 1.537397 1.756065 1.412237 1.039642 1.095058 1.274810 1.204613 1.171871 1.172023 1.111894 4.665209 1.077854 1.077253 1.084466 1.084607 1.084586 1.079244 1.034253 0.997632 0.989634 0.968529 1.063493 1.141570 1.154216 3.367432 3.549610 3.745960 1.223854 3.430252 1.186813 4.367500 4.626957 1.392200 4.059376 3.558947 1.145553 1.055781 0.315582 0.317891 1.243016 5.870255 3.172043 0.000000 17.466923 3.069220 3.041370 3.032388 3.028235 3.028235 3.021630 3.012846 3.003266 2.986006 2.966682 2.995399
0.366051 1.434557 0.330951 1.064820 1.203275 1.340533 1.308288 1.285797 1.285797 1.282884 1.596778 1.413687 1.127033 1.119359 1.136550 1.126570 1.078213 4.409288 4.329097 4.290844 1.015982 1.044093 1.037016 1.036602 1.037070 1.040475 1.076251 1.036924 1.090538 1.086011 1.124567 1.169145 1.225956 3.802980 4.010888 1.255856 1.245326 1.292489 5.947154 2.444453 4.998211 4.362769 1.285963 3.422651 3.160230 1.001780 0.316180 0.356973 1.448091 5.209846 3.181202 3.121675 3.070166 3.055479 3.037559 3.029045 0.398507 0.375188 3.013243 3.004842 3.001465 2.991557 12.406640
1.092310 1.070172 1.125521 1.081126 1.154903 1.280290 1.304843 1.282809 1.263037 1.278874 1.095978 1.111958 1.086181 1.125691 1.111278 1.109608 1.075269 1.141367 1.059009 1.078277 3.016216 0.289733 1.094368 1.002561 1.052071 1.017923 1.082263 1.045883 1.111339 1.192585 1.166032 1.176436 1.198943 4.107116 1.352676 4.542839 1.487655 5.519747 6.278637 5.862212 5.599539 4.964707 1.417975 4.082006 3.698339 1.095235 1.003233 0.328177 0.423712 5.559778 3.144947 3.092328 3.080879 3.111606 3.056864 3.027599 0.389429 3.021440 3.013198 3.008242 3.011020 3.006124 2.999488
1.062742 1.029508 1.063460 1.113356 1.341039 1.436129 1.359079 1.319805 1.303637 1.254948 1.168744 1.058311 1.051720 1.108872 1.091610 4.489405 1.054792 3.018235 0.358590 3.018785 3.015051 3.009773 0.324910 0.986799 1.053840 1.084521 1.076091 1.088878 1.131913 1.131146 1.193405 1.186782 1.214842 1.220755 1.269829 4.405092 2.302143 6.484306 5.518196 4.722675 4.413518 4.189974 4.136853 4.248016 1.368898 3.729988 7.416500 1.025188 0.352376 1.413652 3.154277 0.000000 0.000000 0.000000 3.210516 3.110857 3.043809 3.027565 3.022650 3.014995 3.014589 3.007524 3.002628
1.161940 1.139633 1.089146 1.192091 1.464263 1.457661 1.320310 1.292208 1.279502 3.044872 3.011373 0.312641 1.011751 1.114411 1.021799 1.055192 1.043028 1.036389 0.412383 0.408867 3.012452 3.008810 0.288684 1.018447 1.081636 1.035933 1.073185 1.138155 1.189316 1.153068 1.105085 1.098588 1.071242 1.188192 1.217557 1.259245 3.140002 5.526104 3.054752 0.420731 3.608285 3.454460 3.621512 3.600863 3.600863 0.345832 3.964138 4.065708 1.163293 1.054340 0.332221 0.383691 3.118020 0.455478 3.247798 3.216181 3.091317 3.043977 3.028679 0.373253 0.353028 3.010828 3.004211
1.150099 1.417852 1.136197 1.228229 1.498757 1.411419 1.241023 1.215164 1.243327 0.381278 3.007672 0.372654 1.036615 1.098503 1.049075 1.040453 2.390604 4.853580 7.678845 0.444237 1.885179 0.344026 1.080596 1.044571 1.128901 1.075859 1.034720 1.085811 1.076502 1.135790 1.095405 1.071091 1.081869 1.187536 1.218331 1.218331 1.256512 3.110762 3.125700 3.059655 3.018549 3.454091 3.608660 3.755347 2.997331 3.622682 3.413136 3.848508 1.244461 1.165752 1.108330 1.009731 0.341934 0.334299 4.396803 3.240535 3.157242 3.074763 3.047857 3.031252 3.027875 3.015741 3.007543
1.153621 1.106061 1.042524 1.328990 1.829326 1.312348 1.127326 1.095405 1.164358 0.389911 3.010857 0.369395 3.006544 1.061984 1.054563 1.006884 3.948261 4.529008 7.676215 0.508394 0.457272 1.040088 1.077150 1.037903 1.129765 1.076288 1.078094 1.078094 1.136882 1.088946 1.032737 1.040929 1.094208 1.112240 1.149277 1.226970 1.275662 3.106780 3.119457 16.482338 3.047529 3.018464 3.011903 3.595013 3.265453 3.644396 3.749217 3.784754 1.792681 1.235933 3.762944 3.421011 1.078554 0.327705 1.154009 1.815914 2.674600 3.114528 3.080031 3.048117 3.027875 3.029001 3.013168
1.173612 1.032274 1.054685 1.338138 1.319148 1.178710 1.046071 1.147503 1.115473 3.018584 0.432703 3.006837 5.609879 4.276912 1.071356 1.057122 1.023923 1.063391 1.063391 1.124768 0.357532 0.330029 13.793097 4.201084 1.049376 1.131845 1.037446 1.040450 1.050903 1.134823 1.044157 1.016578 1.049342 1.065460 1.125983 1.193201 1.222960 1.770803 3.094414 3.119457 3.087812 13.565300 3.018525 3.013058 3.675933 0.287458 12.194358 3.810225 2.925957 1.314000 1.118286 3.413352 3.207953 0.313760 1.089657 1.241469 2.424727 0.539445 3.101004 3.062837 3.039193 3.051763 3.021717
1.283267 1.136354 1.096346 1.195729 1.187920 1.443089 1.133913 1.144007 1.094610 3.018235 3.018235 3.015514 4.689574 2.497289 2.431181 1.030824 1.000477 1.001296 0.236718 0.300484 0.290478 1.048832 1.084501 1.016676 1.087681 1.006901 1.002955 1.012022 1.058607 1.088034 1.008506 1.003806 1.028647 1.091020 1.077663 1.123175 1.207088 1.233090 1.269829 2.392467 3.114528 3.085591 3.038919 3.018047 3.020035 3.022325 3.008265 0.287033 2.896808 1.772358 1.523547 1.007314 0.967812 0.317163 1.078159 1.168754 2.019226 0.573255 0.662989 3.061130 3.064161 3.094414 3.065604
1.347874 1.136354 1.103129 1.101610 1.113318 1.189056 1.444434 1.143991 1.143710 1.079965 4.632961 1.057521 1.082755 1.039760 2.411466 1.040482 1.033425 0.998629 1.033900 1.011805 1.017674 1.005306 3.942607 4.000813 3.913253 1.046776 0.983424 0.994144 1.052482 1.010419 1.033082 0.999560 0.994815 1.053163 1.092586 1.146127 1.135589 1.172909 1.209627 1.918040 3.110560 3.109330 3.073810 3.036491 3.027451 3.031869 13.421091 3.175455 2.863263 2.963693 0.277272 1.437121 0.232524 0.379006 1.088668 1.116357 1.327730 0.439351 0.427783 0.445115 3.070957 8.724875 3.133266
1.864027 1.301026 1.075866 1.032207 3.017258 3.029070 0.320310 1.106559 1.043536 4.042692 1.054307 1.056989 1.006136 1.008065 1.012572 1.006928 1.034353 0.998940 1.034084 1.043538 0.993187 1.043538 1.038266 1.046248 1.094493 1.054940 1.061653 1.061615 1.049211 0.973772 0.967777 1.035675 1.019495 1.076853 1.122943 1.130295 1.063628 1.121271 1.176627 1.257389 2.803699 3.097404 3.106019 3.072798 3.047640 3.035396 3.020035 0.241089 2.838927 2.941562 0.223078 0.264588 0.283465 0.330864 0.330864 0.301276 1.078744 1.688683 0.431032 0.386150 1.788012 1.340331 3.063050
1.439212 1.626048 3.010476 7.647774 3.012446 3.018913 0.368062 0.318059 1.038438 1.036924 3.901901 2.403958 1.035998 1.004427 2.404398 1.007586 0.978700 3.944390 1.013412 1.097878 3.990927 2.418538 4.099882 2.502078 2.415824 1.055272 1.036399 1.029245 1.089066 1.005502 0.972018 1.079492 1.043300 1.001564 1.076590 1.123357 1.092854 1.091349 1.193920 1.547578 2.129277 3.088153 3.101839 3.101839 3.082615 3.053496 3.084382 3.027875 2.964974 2.831986 1.324991 0.909229 0.275498 0.973539 0.315150 1.027357 0.280039 1.103622 0.296711 0.292556 1.028302 3.039712 3.149369
1.683146 1.619263 3.018525 0.360415 3.012244 3.013775 0.382605 0.344641 1.036473 1.036055 2.394933 0.977849 0.978301 2.396927 2.509760 1.044652 1.057776 1.068512 1.058269 1.191316 1.116598 1.090623 1.074670 1.032733 1.034340 1.011556 1.035418 1.028647 1.094736 1.013767 1.006341 1.086901 1.011256 1.024937 1.063022 1.171261 1.076877 1.076877 1.142749 1.196460 0.378519 1.579446 1.800488 2.741718 0.496214 3.111655 15.230169 0.363634 2.993308 2.850180 1.459232 0.972585 0.959143 1.001423 0.317294 0.328670 1.073516 1.571081 1.687510 1.613993 0.257101 3.306534 0.000000
1.248406 1.209195 3.021735 3.015592 3.015317 3.014677 1.893077 0.364946 1.003555 1.033102 1.036374 1.040660 1.046071 1.136423 2.418787 1.053938 1.087725 1.073954 1.124296 1.143905 1.124478 1.104829 1.111929 1.042762 1.025729 4.092322 1.036599 1.068515 1.076871 1.076871 1.026394 1.065715 1.031342 0.994926 1.045166 1.091349 1.145597 1.165995 1.116757 1.182343 1.197583 1.628180 1.572402 2.056625 3.086203 13.884042 14.598519 3.110762 3.013189 2.901669 3.578783 1.116775 1.043003 1.032721 0.986143 0.311792 0.326402 0.279489 0.257651 1.415504 3.010828 3.117591 0.000000
