code/FB/TestMTT/SampleData/Outputs/testMTT_ELLIPSEDIM_B.asc
NCOLS 84
NROWS 94
XLLCORNER -2098.000000
YLLCORNER 3210.000000
CELLSIZE 30.000000
NODATA_VALUE -1
[rows 28 to 55 of 94, columns 0 to 61 of 84]
14.315229 14.291632 14.291632 4.077275 3.231180 3.022184 1.401827 1.112968 0.965937 1.023722 1.189554 1.347840 1.247905 1.361077 1.100998 4.317687 1.123411 2.832312 3.060658 3.272347 3.305677 1.183161 3.959644 4.122500 1.393101 1.204469 3.715787 3.931353 4.907028 4.772737 3.846597 4.820030 3.883009 3.347629 1.214921 3.383236 3.963244 4.910541 0.350543 1.229023 3.979182 0.000000 0.000000 16.321363 0.391782 1.376200 1.342674 1.727976 4.276731 3.717002 3.929493 3.357649 3.450876 1.148763 1.128774 1.127157 0.323927 0.323873 0.325392 1.153219 1.189554 3.496830
0.000000 0.000000 14.547612 4.463990 3.655769 1.468598 1.032825 1.027288 0.962387 0.968578 3.203656 1.512692 1.249220 1.349654 1.082597 0.996876 14.745638 3.424010 2.961283 1.109339 1.139558 1.150274 1.222627 1.232868 3.562473 3.425537 3.835701 4.855836 3.402516 1.185076 3.818118 3.899494 3.923529 3.379948 0.347886 0.385852 0.524913 0.387132 0.440931 0.000000 0.000000 0.000000 0.701340 0.357034 1.097930 1.373154 4.377651 4.835723 1.362357 1.190422 3.332222 3.329181 1.139200 1.137777 1.118234 1.118234 1.035700 0.320805 0.301640 0.323140 0.302088 0.392622
5.667120 14.895715 14.803165 31.693031 4.726974 1.075339 2.860192 2.792873 1.052025 1.034128 1.198579 1.351780 1.262297 1.084005 1.135008 14.797652 14.845490 3.940360 3.174802 1.105306 1.095052 1.087700 1.009437 1.121501 1.134907 1.148352 3.348541 3.887816 1.211576 1.184925 1.184357 0.382992 0.524447 0.524125 0.349560 0.350164 0.350328 0.323245 0.000000 0.000000 0.000000 0.391822 3.452656 3.515101 1.377061 4.059884 4.059884 1.493287 3.996080 3.741631 1.261196 1.030999 1.124382 1.239775 1.133516 1.116367 1.028695 1.211039 0.348343 0.323232 0.303638 0.326413
0.974156 3.828576 4.677416 6.739874 4.935124 4.890304 1.110933 1.168878 1.051764 1.343969 1.257133 1.210746 1.262297 1.317500 14.884169 14.701986 1.279158 3.131786 3.853062 3.787336 3.090843 3.053971 1.031684 1.064807 1.045429 1.063250 1.108093 1.159678 1.192201 1.189400 0.439031 0.525522 32.328972 32.328869 32.331337 32.331413 32.331821 32.349548 0.000000 9.370639 32.449318 0.444121 1.241906 3.453930 1.325147 3.989710 3.865627 1.409663 3.805567 1.363720 1.258526 1.223473 1.230703 1.236519 1.131002 1.213622 1.203828 1.207802 1.115921 0.322780 1.246463 0.331680
3.067476 19.070723 4.526957 4.876208 4.987838 4.997708 4.876331 1.182421 1.308812 1.181635 1.224466 1.181904 1.261560 3.323689 14.837291 14.701986 4.493518 4.659075 4.718755 4.626964 4.711873 15.891199 3.187477 1.124294 1.020715 1.048535 1.217475 1.172568 0.344852 0.385391 0.525682 0.000000 0.000000 0.000000 0.525682 32.331570 0.000000 0.000000 32.616604 16.493193 4.989983 1.144756 1.234105 1.242753 1.259545 1.510435 3.775847 3.718649 1.365507 1.286280 1.175888 1.234919 3.435138 1.135348 1.127695 1.213622 1.108710 0.971372 0.975826 1.048706 1.077728 1.145659
5.638472 4.410563 4.278188 1.252298 1.229607 1.391084 1.334645 1.321582 1.329294 1.320695 1.226214 1.254504 1.254713 1.206120 1.087561 1.258902 4.505701 4.742035 4.775915 4.655445 4.750615 4.750615 4.829538 3.310923 3.170066 1.192545 1.046523 1.040896 0.519526 0.524879 0.000000 0.000000 32.331535 32.332016 32.335941 0.526788 32.423412 32.539948 1.318816 1.131194 1.120840 1.013842 3.405518 3.416322 1.256435 1.328790 1.288342 1.361766 1.396377 1.451305 1.197220 1.078021 3.489501 3.427229 3.388801 1.216895 1.112527 0.981827 1.048923 1.065128 0.996259 1.121670
3.053804 0.981402 14.347102 4.583554 1.360146 1.215414 1.330101 1.537820 4.868304 1.544685 1.344189 3.983799 1.257335 1.257335 3.384172 3.172270 3.610132 4.561979 4.759505 3.298727 4.759063 4.854225 1.219968 1.211139 1.051884 1.202050 0.300335 0.320936 0.524232 0.000000 15.225222 32.331398 32.332024 32.367973 32.383163 0.294741 1.218695 3.637214 1.199531 3.574868 3.540914 3.443344 3.351129 1.127594 1.203440 1.118263 1.146655 1.365001 1.448151 4.572872 3.920367 1.355915 3.583422 3.440329 3.405248 1.218658 1.216895 3.383580 1.141103 1.021734 1.196653 1.198869
1.177477 3.060658 5.252168 4.588001 1.321198 1.321198 1.202148 1.551759 1.341313 4.869932 6.773149 4.807329 3.389740 15.308330 3.385236 3.791220 4.688085 4.556215 4.602355 3.223770 3.317826 1.224466 1.234220 3.345865 3.279077 3.349783 0.320285 0.386591 32.327084 0.000000 0.000000 0.000000 0.000000 0.000000 0.360033 0.315932 1.219572 1.321336 1.283767 3.493391 3.464213 3.409379 3.317136 3.373126 1.057185 1.135564 1.158121 1.358749 1.325100 4.179083 5.597449 3.849664 1.372378 3.471928 3.432325 3.402327 1.223473 3.389663 1.229988 1.045141 1.174962 1.183474
1.579535 4.197585 1.199054 3.407275 3.616639 3.142402 2.961957 1.164071 1.519029 1.216853 1.219915 3.340862 3.965058 3.474397 16.198332 4.772715 4.693444 4.503396 3.430940 3.142192 1.097560 1.134451 1.236698 1.187322 3.890197 3.942151 0.438632 32.325710 32.331203 0.000000 0.000000 0.000000 0.000000 4.235208 1.185632 0.356313 0.317662 1.308089 1.063808 1.240547 1.060523 3.408259 1.198491 1.202343 1.231943 1.136313 1.242546 1.316648 1.362357 4.752193 4.672503 3.981131 4.487205 3.633121 3.445605 1.239782 1.126237 1.126237 3.383506 0.974577 1.193891 0.995076
5.126043 15.753212 3.410053 2.970606 0.981505 1.023082 1.208684 4.742255 6.762351 1.343880 1.204145 1.218287 1.227423 1.248789 3.973971 3.860624 4.570265 3.383307 2.861163 1.146054 1.117099 3.423665 1.225812 3.377943 0.436512 0.438837 32.326092 0.000000 15.227399 32.331570 32.349117 0.000000 17.264902 3.949104 1.039666 1.037887 0.303603 0.358610 1.180879 1.163367 1.240547 1.226434 1.199054 1.198402 1.228669 1.134144 1.252501 1.305813 3.700210 3.700210 3.890352 4.740648 5.453026 17.516548 4.546195 3.577439 3.439343 3.411383 3.383506 1.209074 3.327284 1.177260
1.767331 15.810033 3.985870 1.006521 1.186764 4.450756 4.670630 32.032688 3.230908 3.466540 19.241022 1.150232 1.108500 1.232011 4.909834 3.836913 3.347772 2.759786 1.067503 1.094136 1.126136 4.920285 3.971398 4.905033 0.438937 0.525488 0.000000 9.332565 0.000000 0.000000 0.000000 32.945442 4.779673 1.277906 1.134434 3.282504 0.349189 0.343387 1.122621 1.246662 1.246662 1.148353 1.124503 1.192504 1.097490 0.984407 1.140584 4.062372 3.648122 4.291270 3.795175 4.492298 5.453026 4.373712 3.959361 3.713331 4.022737 3.420594 3.393028 1.209074 1.196653 1.178115
5.461422 15.767624 6.127475 3.316059 1.060192 1.248717 4.771141 3.486290 3.493283 15.036736 14.903294 14.859703 1.188648 1.091296 3.844714 3.516604 14.646293 3.636573 3.845086 1.118155 3.978574 32.327019 16.233561 0.439823 0.525522 0.000000 32.331306 0.000000 32.332027 0.000000 32.570534 4.429113 4.429113 1.561749 1.341688 1.229484 3.287209 3.889371 0.385347 0.365784 1.151629 1.180954 1.127661 1.100408 1.021463 1.249787 1.282116 1.274493 4.228472 4.484906 4.560865 1.500641 3.847611 4.088596 4.239322 3.730031 4.166365 3.469820 1.233097 3.380058 1.204320 1.184463
1.813419 33.500919 32.627361 3.965855 1.169787 1.520824 3.908322 3.204860 15.060984 14.871817 14.895715 14.782922 14.296506 1.001407 15.265168 14.507569 3.250196 3.290370 3.942073 1.225975 3.977913 32.325619 32.317490 0.525682 0.525682 0.000000 0.000000 32.331570 32.331959 0.000000 0.000000 3.656891 1.177358 1.336437 3.520843 1.134926 1.213448 1.166299 3.311078 0.353919 1.000982 1.186475 1.130839 1.228541 1.224328 4.087460 3.614699 3.523470 3.694114 4.630602 4.272406 4.117995 3.489501 1.268071 5.073427 5.210639 33.466423 33.411552 4.999532 1.234972 15.174868 1.190872
1.791937 15.612570 15.296603 3.936269 4.139451 1.228260 1.355734 1.349907 14.983918 14.842008 14.901364 14.715907 14.041757 4.464361 3.429887 3.429887 0.916010 0.292497 0.319183 32.308857 32.328209 32.332825 0.000000 32.331932 0.000000 32.332027 32.331951 0.440232 32.337299 32.363644 1.318531 1.167603 1.191086 3.659639 1.280278 1.068825 1.135136 3.311078 1.074566 0.316063 0.284911 0.329748 1.157697 1.240883 1.230347 1.181582 4.042273 4.002580 4.070184 5.143338 3.554196 1.263867 3.433047 3.451120 5.030557 33.071232 33.987103 5.768703 3.751618 4.131316 15.226296 15.138220
1.455487 15.361875 15.213781 15.156055 15.195213 1.569399 1.367323 1.367323 1.106664 14.864049 14.695125 14.568761 14.247515 14.033161 29.865320 3.132249 0.343952 0.383510 0.301539 0.350537 32.335598 32.336105 32.331894 0.000000 0.000000 0.525861 0.525840 32.344818 0.000000 0.702739 1.114327 1.487059 1.373390 4.129607 3.513781 1.166176 1.147584 1.036776 1.185683 3.283425 0.280833 0.303580 0.306176 0.290894 1.072252 0.296308 1.284857 3.415426 1.229563 3.439343 4.040534 4.023257 3.426533 4.161918 4.257217 5.485669 5.636972 4.608466 5.314272 15.307758 15.270512 15.203735
1.364129 15.387686 24.979527 15.147676 15.165946 1.227241 1.140282 1.140595 14.977307 14.405869 13.935499 0.000000 0.000000 13.764464 14.024412 4.006234 0.514518 0.525682 0.525684 0.525941 0.526510 32.337658 11.619192 32.354778 32.352074 0.526530 0.441215 0.390674 0.360166 1.055658 1.416784 3.858259 3.650721 3.552025 1.277107 1.286491 1.270285 1.231418 1.197257 1.181281 1.104945 1.137252 0.959062 0.279111 0.287833 0.328065 0.308110 1.143898 1.231438 3.984722 4.972495 4.089968 4.105264 3.472908 3.548101 3.687834 4.301743 3.770705 5.344974 5.344974 15.879631 15.510967
3.770836 15.277379 0.427266 15.067382 1.209384 1.137157 1.150683 1.135443 14.667497 13.844295 0.000000 0.000000 0.000000 0.000000 4.124184 4.489079 32.325443 0.525683 0.440462 0.527311 0.351951 0.527073 0.000000 1.136313 3.432886 1.132894 1.130107 0.962066 1.153687 1.374619 1.362916 3.684229 3.699147 1.314542 1.129789 3.628237 1.297416 1.242545 1.204769 1.094080 1.205002 1.128302 1.073249 1.169680 1.078142 1.254713 0.358417 0.307937 0.286401 0.352202 1.292876 1.292876 3.620391 1.257460 3.475154 3.510148 5.080891 5.092566 3.760187 1.494891 16.362024 15.817733
3.258389 1.255352 14.936112 1.156521 1.124171 1.150683 1.140574 1.096462 14.241559 0.000000 0.000000 0.000000 13.855868 4.335064 0.418076 32.243832 32.331219 0.387438 0.352106 0.325947 1.134057 3.430575 3.428696 1.041552 1.182922 1.142844 1.227845 1.155800 1.209121 3.734507 1.341688 3.629063 1.255713 1.200186 1.176365 1.121464 1.295054 1.061161 1.027846 1.033629 1.119229 1.235976 1.264884 1.264884 3.522905 3.602623 1.282295 1.255168 1.069307 0.305178 0.271956 0.285704 1.112907 1.254755 4.053855 3.477788 3.521429 4.301799 4.708768 5.070054 16.066158 15.603637
1.437028 1.461105 1.304336 15.048506 1.271738 1.168531 1.214776 14.910995 13.893189 0.000000 0.000000 13.812133 3.300570 0.428057 0.440497 0.525682 32.331543 3.411226 0.390121 0.327591 0.998248 1.065274 1.163232 1.094751 1.322741 1.079719 3.362451 1.145177 1.260555 1.406260 1.336437 3.687834 1.371327 1.223701 1.223701 1.248737 1.286898 1.258586 1.126734 1.123110 1.237919 1.023738 1.170755 1.302022 3.635477 1.331184 1.122332 1.011663 15.237476 15.248425 0.288454 0.291224 0.294025 0.362305 0.362734 0.357314 1.189690 1.590253 1.668899 4.487916 16.107172 15.773616
1.800326 5.108420 4.745881 15.122036 15.501927 15.287908 15.020954 14.562716 13.704100 13.702137 13.899579 5.367798 0.506322 32.338070 0.697974 32.328609 32.347832 3.438529 0.310830 0.329097 0.953944 1.084641 1.296781 1.143925 3.536832 1.241175 1.241175 3.304101 3.975607 1.192651 1.283197 1.560516 3.753894 1.357341 1.179327 1.302830 3.461120 1.235752 1.130917 1.138833 3.465278 1.274849 1.275952 1.214781 1.334245 15.346464 0.342498 19.493690 15.166436 15.242842 0.361827 1.196377 0.280659 0.300817 0.302298 0.301217 0.304106 1.094472 1.329135 1.938534 4.064052 20.547703
4.327663 1.719224 4.780565 1.951098 15.741551 15.216341 14.671175 13.944184 14.159286 7.156762 7.324041 0.000000 0.000000 0.526206 0.388139 32.338234 32.424309 5.085039 5.085039 1.196687 0.330123 0.307681 1.166176 1.192578 1.325341 1.290972 1.239385 1.181281 3.320517 3.448578 1.424324 1.411434 3.744661 1.343109 3.550584 1.257820 1.241180 1.234105 3.433557 1.149301 1.261549 1.168368 1.158808 1.169717 3.528292 15.304916 15.263943 15.177917 15.117449 15.241727 15.317875 0.365006 0.316143 0.994513 1.036087 1.086887 0.328934 0.305060 0.294373 0.359500 0.304563 1.390073
3.668064 1.618741 1.565514 5.088344 15.709924 15.042850 14.003777 13.718841 3.557768 3.557768 3.579282 4.659627 0.435889 32.331623 0.351063 0.387691 32.366669 0.000000 5.418822 1.102601 1.140282 0.326842 1.087924 1.341315 3.617288 1.293033 1.255608 1.209074 3.786376 3.415995 1.458178 1.431731 3.778805 3.638199 4.146368 1.264927 1.141242 3.422185 3.442608 1.258061 1.274020 1.264962 3.439642 1.249215 15.300254 15.304304 15.274414 15.212807 15.117449 15.259725 15.372123 15.407401 19.803497 0.965559 1.113114 1.273168 1.343403 1.235083 1.137920 0.303579 0.301465 1.393449
1.128034 1.228348 1.227862 1.376259 1.660571 1.498629 14.783218 13.995827 4.649603 3.256750 3.279049 0.379243 0.387065 0.387234 0.387429 0.440403 0.000000 4.489877 1.421526 1.192206 1.219197 0.351373 1.165628 1.145970 1.301233 1.291557 3.489501 3.410954 3.769525 1.193074 1.324059 4.419201 3.666751 1.330013 3.621252 3.574471 3.488369 4.008109 3.465283 1.261513 1.270804 3.489358 3.441953 15.258687 15.296179 1.281770 4.966996 3.983506 3.899981 1.508434 15.464565 15.456801 0.320429 1.223066 1.064232 1.463534 3.962507 1.401261 1.123646 0.311797 0.315460 1.537712
1.341751 1.355174 1.358982 1.376145 1.295054 1.142618 0.921366 3.347772 3.919290 0.345610 0.523292 32.316616 0.440236 0.302085 0.387466 32.337845 16.647606 1.599756 1.494059 1.236378 0.969673 0.301851 0.326225 1.147788 1.276689 3.488947 3.471247 3.422692 1.058152 0.967520 3.486487 4.475887 3.687834 3.618469 3.660155 3.615872 3.547111 4.064504 3.561600 1.279269 1.115354 3.504829 1.252057 1.243921 1.404613 3.675061 3.499489 3.394939 3.360806 1.315875 3.620627 3.361959 3.248392 3.978302 1.098855 1.284345 4.230406 4.230406 1.398861 1.189534 14.864857 0.289864
1.348574 1.348594 3.942151 6.840708 4.995371 1.191833 3.623437 4.686600 0.523203 32.316616 0.000000 0.000000 0.440468 0.388032 32.349117 0.000000 3.618971 1.456673 1.306410 1.127588 1.109821 0.323731 0.319643 1.184653 3.495193 1.257320 3.469727 1.137735 0.997196 1.046190 4.112894 3.989710 1.389958 4.350566 3.814289 3.730415 3.650721 4.179693 1.342196 1.314024 1.135256 1.283016 3.451499 3.558264 3.661448 3.587590 3.573931 3.481462 3.948895 3.408591 1.329124 1.144005 1.275182 4.889006 3.304101 4.122369 4.790628 4.320070 1.405643 15.239631 1.454517 0.298938
1.348881 4.838311 1.202439 1.226386 4.927822 3.310032 3.835701 0.519903 32.315426 15.225120 0.000000 0.525683 0.302667 32.350277 0.697422 32.394661 1.187825 1.232132 1.198939 1.226957 0.320356 0.327798 1.104091 1.078035 1.110811 1.157063 1.257587 3.429467 1.187322 0.999311 3.569529 1.365150 3.802419 3.770458 1.384330 1.263113 1.366746 1.366746 1.188917 1.165142 1.315309 1.295065 1.099284 1.075940 1.254713 3.587590 3.571552 1.253192 1.216895 1.062767 1.218974 1.200512 1.271776 1.210353 3.879466 4.164723 4.059884 4.631783 15.554428 15.238175 15.147676 0.342274
15.169765 4.848328 1.551023 1.226637 4.908618 3.943628 4.879607 0.524131 0.525472 32.331261 0.440232 0.323375 0.527453 32.369083 32.349892 3.426275 1.077600 1.112209 1.173361 1.135564 0.349663 0.326136 1.013824 1.063808 1.029085 1.037709 1.167339 3.422185 3.422185 1.192201 1.092151 3.664227 1.362161 3.864907 3.747336 1.350831 3.704707 1.365507 1.264412 1.163936 1.062101 1.117078 1.098182 1.166794 1.172128 1.371328 3.613984 1.150773 1.207802 1.140201 1.136878 1.323925 3.475992 3.835296 3.872707 3.654459 1.508959 1.204432 0.372763 0.356344 15.227746 15.146267
15.113712 4.894163 4.891690 3.967079 3.972209 16.227480 4.903287 0.524993 0.525472 0.525683 0.387460 32.367146 32.391949 32.457077 4.981639 1.165127 1.109706 1.265743 1.315612 3.699147 3.699147 1.232824 0.304515 0.291473 1.067638 1.084542 1.207428 1.268526 1.134886 1.109836 1.220272 1.379664 1.447387 1.457332 1.431949 3.734507 3.716033 1.287687 1.183705 1.158790 1.151647 1.128359 1.138636 1.159374 1.193516 1.480135 1.180467 1.183125 1.119470 1.153264 1.359341 3.681807 3.481040 3.161573 1.212350 1.313962 1.292252 1.137833 0.312862 15.307348 15.270044 3.145168
