code/FB/TestMTT/SampleData/Outputs/testMTT_ELLIPSEDIM_A.asc
NCOLS 84
NROWS 94
XLLCORNER -2098.000000
YLLCORNER 3210.000000
CELLSIZE 30.000000
NODATA_VALUE -1
[rows 28 to 55 of 94, columns 0 to 62 of 84]
3.833244 3.886074 3.886074 2.767662 2.386873 2.201810 1.002973 0.858476 0.770429 0.772693 0.790297 0.826790 0.827849 0.920338 0.865578 2.851738 0.839184 2.108669 2.234310 2.310182 2.327273 0.874566 2.489015 2.392784 0.844468 0.847479 2.573751 2.504154 2.742281 2.865903 2.552971 2.834563 2.538991 2.302729 0.859246 2.285491 2.504157 2.771537 0.241863 0.845664 2.448776 0.000000 0.000000 7.261971 0.251677 0.828054 0.794225 0.879052 2.251214 2.205025 2.435139 2.220826 2.220466 0.795174 0.798329 0.800476 0.229902 0.229212 0.229129 0.789010 0.790297 2.206162 2.220821
0.000000 0.000000 3.676514 2.785597 2.520703 1.007565 0.808179 0.809466 0.771240 0.740716 2.173993 0.876534 0.835752 0.920977 0.854605 0.805369 3.843625 2.439637 2.161609 0.828058 0.852134 0.865720 0.864214 0.841604 2.203686 2.227858 2.563248 2.841507 2.243021 0.864644 2.553989 2.522627 2.512656 2.291055 0.243915 0.257388 0.296045 0.256051 0.270856 0.000000 0.000000 0.000000 0.313071 0.238239 0.752039 0.803731 2.249905 2.366226 0.812327 0.794171 2.233642 2.221866 0.795032 0.795501 0.798932 0.798932 0.766043 0.231101 0.221384 0.230367 0.220231 0.252414 0.833179
3.012149 3.669398 3.609038 8.440467 2.791422 0.812006 2.101005 2.080458 0.821466 0.775211 0.793936 0.838408 0.836375 0.800503 0.861953 3.781233 3.783512 2.660048 2.273864 0.817978 0.816397 0.826621 0.779152 0.816712 0.796842 0.794578 2.301705 2.555212 0.850851 0.858309 0.865077 0.258725 0.296371 0.296933 0.243382 0.242784 0.242379 0.230280 0.000000 0.000000 0.000000 0.251645 2.192749 2.178989 0.827985 2.207334 2.207334 0.840590 2.198731 2.178143 0.833224 0.757362 0.793753 0.836953 0.794931 0.794604 0.758833 0.845767 0.241851 0.230445 0.220321 0.228543 0.227715
0.777420 2.639591 2.906374 3.158015 2.702074 2.761745 0.821131 0.875545 0.821595 0.928871 0.835856 0.799259 0.836375 0.901196 3.706638 3.827003 0.926764 2.245958 2.547071 2.580051 2.272988 2.234785 0.793467 0.815834 0.779180 0.760085 0.812650 0.870916 0.860550 0.856424 0.275187 0.295383 8.160156 8.161149 8.147568 8.143329 8.121307 8.033631 0.000000 2.331268 7.859798 0.268561 0.829717 2.191346 0.822205 2.199096 2.185418 0.829937 2.180583 0.825091 0.827810 0.839920 0.839103 0.837031 0.794129 0.837554 0.837771 0.839640 0.797599 0.229838 0.837498 0.229215 0.219551
2.233841 8.719840 2.891215 2.844679 2.684360 2.681158 2.805828 0.875225 0.938092 0.875935 0.848254 0.794405 0.835768 2.267849 3.763363 3.827003 2.877680 2.804048 2.795042 2.861170 2.903160 7.970417 2.289825 0.866003 0.786801 0.766429 0.856634 0.872821 0.245325 0.257994 0.295008 0.000000 0.000000 0.000000 0.294418 8.134984 0.000000 0.000000 7.697807 7.135987 2.659446 0.790790 0.837358 0.828689 0.791742 0.845236 2.183934 2.181388 0.828902 0.798794 0.784172 0.840280 2.222297 0.795559 0.793943 0.837554 0.791351 0.725434 0.727234 0.760641 0.761053 0.795328 0.220232
3.225225 2.859287 2.865140 0.927531 0.846001 0.888112 0.900969 0.919844 0.921343 0.937650 0.860234 0.833891 0.834971 0.857427 0.853409 0.951859 2.941523 2.850551 2.808639 2.844759 2.825347 2.825347 2.841470 2.321823 2.322252 0.875641 0.774970 0.776968 0.301406 0.297018 0.000000 0.000000 8.136665 8.111300 8.092645 0.291990 7.917164 7.782201 0.829833 0.760553 0.760613 0.730695 2.246310 2.219090 0.791875 0.807151 0.805674 0.838426 0.841491 0.845514 0.771309 0.751088 2.183640 2.229758 2.234260 0.837481 0.791719 0.726641 0.757506 0.760100 0.730141 0.798449 0.801925
2.256389 0.788381 8.282946 2.920044 0.923481 0.854858 0.902116 0.974374 2.774589 0.997450 0.928549 2.453952 0.834259 0.834259 2.273273 2.321043 2.569819 2.937290 2.909287 2.293430 2.857076 2.797643 0.849164 0.870655 0.821536 0.874402 0.223026 0.232693 0.297618 0.000000 3.382315 8.144127 8.110947 7.986326 7.966620 0.211711 0.790484 2.192927 0.791776 2.190802 2.193043 2.223175 2.256532 0.802876 0.785511 0.758332 0.767980 0.838424 0.845492 2.367837 2.202821 0.825930 2.171461 2.213754 2.238908 0.840475 0.837481 2.223565 0.793975 0.734851 0.840412 0.845761 0.801786
0.869436 2.234310 3.137242 2.793088 0.904432 0.904432 0.865994 1.002509 0.932854 2.791281 3.196107 2.849133 2.254922 3.249926 2.264382 2.576591 2.928706 2.942058 2.940983 2.318254 2.296687 0.848254 0.841007 2.304725 2.327895 2.320230 0.233374 0.257557 8.178949 0.000000 0.000000 0.000000 0.000000 0.000000 0.238474 0.219410 0.787068 0.826514 0.824343 2.197713 2.200884 2.244606 2.270675 2.267236 0.754408 0.789449 0.786966 0.829427 0.795671 2.227635 2.542284 2.186858 0.828360 2.185832 2.226271 2.237263 0.839920 2.226674 0.837184 0.757722 0.842035 0.844902 0.762527
0.958479 2.368488 0.862146 2.395747 2.432288 2.229495 2.155452 0.868418 1.010110 0.869360 0.857786 2.293565 2.475116 2.210365 7.542886 2.891723 2.922792 2.943266 2.531735 2.307589 0.814172 0.797579 0.840245 0.863315 2.552152 2.536124 0.276031 8.192759 8.155027 0.000000 0.000000 0.000000 0.000000 2.356776 0.790726 0.239167 0.219298 0.821625 0.729092 0.831393 0.757502 2.247486 0.857197 0.855248 0.842932 0.792314 0.828939 0.823750 0.812327 2.373771 2.368966 2.210559 2.367306 2.177700 2.200652 0.839182 0.796797 0.796797 2.235446 0.728224 0.840609 0.751136 0.794148
2.641195 2.927902 2.257607 2.242346 0.797830 0.823776 0.918286 2.899840 3.198105 0.898701 0.850723 0.866310 0.854792 0.834789 2.468204 2.563002 2.930558 2.505996 2.223455 0.867649 0.813399 2.229859 0.847326 2.294528 0.277021 0.275594 8.188918 0.000000 3.370881 8.134984 8.035996 0.000000 6.769667 2.201334 0.734632 0.767521 0.219236 0.230741 0.767276 0.784851 0.831393 0.849643 0.862146 0.862601 0.847840 0.791682 0.828090 0.822156 2.174364 2.174364 2.204289 2.386687 2.551749 6.746910 2.359892 2.173455 2.214678 2.236210 2.235446 0.841610 2.241168 0.835284 2.103152
0.927486 2.904133 2.445285 0.803458 0.918570 2.899865 2.883230 8.534427 2.214648 2.307542 2.916171 0.850106 0.824552 0.843427 2.750024 2.562083 2.443881 2.161973 0.844960 0.823206 0.808316 2.737063 2.483115 2.795393 0.275384 0.295595 0.000000 2.427099 0.000000 0.000000 0.000000 7.408429 2.358097 0.783596 0.797201 2.260306 0.242833 0.228707 0.743834 0.792278 0.792278 0.785247 0.809613 0.866913 0.820423 0.737633 0.787722 2.377631 2.174408 2.351444 2.181758 2.344246 2.551749 2.342951 2.200783 2.182138 2.395205 2.230954 2.244394 0.841610 0.840412 0.838358 2.198689
2.562101 2.931888 2.909583 2.316647 0.817276 0.883158 2.751009 2.308539 2.310811 3.534004 3.661047 3.709634 0.900501 0.817784 2.466084 2.456491 3.820799 2.527458 2.554371 0.817032 2.472379 8.147591 7.550976 0.274059 0.295383 0.000000 8.149351 0.000000 8.110758 0.000000 7.701141 2.343458 2.343458 0.849674 0.823655 0.845552 2.259031 2.502739 0.255740 0.237767 0.749614 0.786245 0.810630 0.818142 0.773616 0.836785 0.830234 0.823997 2.347983 2.345497 2.358020 0.845372 2.187042 2.380022 2.373481 2.210652 2.390621 2.196960 0.841278 2.245384 0.842190 0.838208 2.312405
0.925241 7.152376 7.710753 2.515542 0.865389 0.976915 2.438174 2.206435 3.508091 3.672522 3.669398 3.740755 4.047478 0.824231 8.009192 3.852007 2.284795 2.298547 2.516799 0.855098 2.470612 8.158392 8.192804 0.294458 0.294458 0.000000 0.000000 8.134984 8.114273 0.000000 0.000000 2.172498 0.747081 0.803059 2.176013 0.793879 0.847453 0.835047 2.236333 0.239816 0.706786 0.792643 0.799535 0.854340 0.846778 2.389061 2.201661 2.206575 2.175435 2.348975 2.345452 2.362339 2.183640 0.837127 2.665837 2.640875 7.280605 7.215208 2.636907 0.841300 3.415549 0.838060 2.235446
0.923713 2.990301 3.254015 2.498939 2.589906 0.857826 0.906736 0.895124 3.652759 3.757569 3.711483 3.844620 4.191428 3.038681 2.532081 2.532081 0.758193 0.222457 0.232391 8.208761 8.147514 8.127035 0.000000 8.115734 0.000000 8.110710 8.114736 0.272369 8.079808 8.003388 0.823406 0.745981 0.756821 2.171901 0.821750 0.752136 0.797241 2.236333 0.787858 0.229455 0.212222 0.228952 0.792915 0.836414 0.838798 0.786108 2.384472 2.436197 2.382578 2.592908 2.195594 0.835525 2.221655 2.214702 2.642841 7.357950 6.909499 2.534500 2.176733 2.472743 3.361555 3.453277 0.796178
0.836881 3.163839 3.379682 3.457350 3.411115 0.970086 0.899176 0.899176 0.819125 3.790800 3.906462 3.978900 4.148182 4.260046 10.037770 2.421716 0.257024 0.259251 0.221818 0.241751 8.095886 8.091100 8.117704 0.000000 0.000000 0.293348 0.293468 8.059653 0.000000 0.312260 0.731837 0.840750 0.828279 2.367185 2.179678 0.783746 0.789158 0.762230 0.841209 2.239982 0.211705 0.219799 0.218881 0.211633 0.756089 0.212141 0.829703 2.236006 0.844625 2.214678 2.415018 2.425075 2.229956 2.362614 2.350047 2.542747 2.533215 2.351873 2.568982 3.205743 3.252889 3.387559 3.419248
0.825047 3.129555 3.122441 3.481427 3.442621 0.842964 0.795951 0.795439 3.638987 4.028447 4.234166 0.000000 0.000000 4.265844 4.208301 2.865046 0.303723 0.294957 0.293833 0.292889 0.291835 8.076467 2.301862 8.038690 8.049550 0.292526 0.270937 0.252577 0.238435 0.729347 0.833881 2.186085 2.173841 2.182082 0.826419 0.823508 0.825668 0.843079 0.843075 0.838282 0.794375 0.796654 0.702540 0.204754 0.211015 0.228275 0.218797 0.791294 0.842670 2.440450 2.657285 2.368283 2.369898 2.185013 2.174056 2.176540 2.359163 2.201943 2.577823 2.577823 2.859515 3.036362 3.310036
2.341603 3.281589 0.276298 3.557873 0.846192 0.796391 0.794718 0.796611 3.831324 4.257423 0.000000 0.000000 0.000000 0.000000 2.795231 2.913984 8.195467 0.294001 0.271550 0.290923 0.239891 0.291406 0.000000 0.792314 2.215583 0.797539 0.798517 0.699435 0.760335 0.831960 0.829105 2.177175 2.174551 0.824135 0.760562 2.187145 0.827312 0.838381 0.844637 0.796676 0.839831 0.796642 0.758852 0.788756 0.756413 0.834971 0.239370 0.218849 0.211346 0.239556 0.821580 0.821580 2.170924 0.830981 2.200684 2.190235 2.627976 2.630136 2.194635 0.845435 2.681397 2.884037 3.240191
2.186996 0.836396 3.606193 0.838930 0.796954 0.794718 0.795959 0.796600 4.053181 0.000000 0.000000 0.000000 4.246814 2.846097 0.277633 8.384882 8.154263 0.254717 0.239684 0.228256 0.791820 2.210718 2.213704 0.729784 0.791024 0.795593 0.845948 0.784640 0.768138 2.179149 0.823655 2.178596 0.791905 0.767902 0.767107 0.746807 0.830248 0.760881 0.760700 0.759064 0.794660 0.837789 0.834678 0.834678 2.198317 2.202972 0.834815 0.836158 0.758543 0.219719 0.204666 0.205822 0.756024 0.826569 2.385141 2.191484 2.185322 2.348694 2.352449 2.374931 2.781373 2.982393 3.302309
0.859669 0.895823 0.880319 3.495927 0.836109 0.794753 0.842809 3.652603 4.213017 0.000000 0.000000 4.287234 2.447321 0.277690 0.272274 0.294980 8.136239 2.225425 0.252364 0.227893 0.725075 0.754364 0.787957 0.738804 0.832078 0.761472 2.240258 0.790545 0.791698 0.830148 0.803059 2.176540 0.828443 0.772573 0.772573 0.792194 0.826677 0.832486 0.802390 0.799498 0.838303 0.734756 0.797145 0.836548 2.204719 0.836257 0.767327 0.732364 3.339130 3.320601 0.211995 0.211072 0.211208 0.237832 0.237714 0.238103 0.784368 0.873111 0.866106 2.262392 2.868485 2.993750 3.329547
0.957354 2.664075 2.719220 3.402705 3.126559 3.282737 3.551081 3.869469 4.253948 4.321786 4.268561 3.290096 0.304958 8.111029 0.317608 8.151206 8.043036 2.198477 0.218772 0.227867 0.699214 0.752112 0.824289 0.757192 2.187373 0.838358 0.838358 2.237238 2.457387 0.783744 0.783886 0.849696 2.176412 0.825777 0.763802 0.822855 2.195041 0.837608 0.798632 0.796070 2.216033 0.836018 0.837112 0.801092 0.836211 3.211091 0.233289 2.781674 3.419248 3.332371 0.240631 0.804379 0.205205 0.212695 0.212741 0.212707 0.212796 0.735732 0.805412 1.020656 2.259418 2.568463 2.864495
2.421729 0.954243 2.706291 1.026998 3.004363 3.339015 3.767204 4.113461 4.033348 3.737710 3.759847 0.000000 0.000000 0.292747 0.254236 8.096382 7.884682 2.602902 2.602902 0.786549 0.228568 0.218927 0.783746 0.783759 0.822170 0.822151 0.839154 0.838282 2.259218 2.197289 0.818751 0.811437 2.177716 0.823456 2.173031 0.824543 0.830608 0.837358 2.214773 0.790695 0.831483 0.793845 0.795339 0.795476 2.205651 3.248826 3.303567 3.405598 3.458538 3.333638 3.231895 0.240475 0.220392 0.708774 0.714100 0.728609 0.219900 0.213967 0.211163 0.232105 0.212809 0.834984 0.837797
2.338239 0.949129 0.954734 2.661253 3.015275 3.454774 4.065569 4.180811 2.452864 2.452864 2.519180 2.923329 0.277817 8.131981 0.240672 0.254599 7.991452 0.000000 2.548280 0.739290 0.795951 0.228774 0.751115 0.823708 2.171757 0.821533 0.829363 0.841610 2.468186 2.237659 0.836792 0.824080 2.193057 2.185355 2.369283 0.824502 0.787042 2.215890 2.204090 0.828055 0.827399 0.832229 2.224405 0.837083 3.259851 3.254866 3.289399 3.364787 3.458538 3.311432 3.190145 3.162042 2.607140 0.706967 0.739897 0.777587 0.806696 0.786737 0.760149 0.213827 0.213217 0.907216 0.819799
0.795737 0.856669 0.844908 0.891924 0.939566 0.885729 3.667276 4.123159 2.872140 2.282188 2.305753 0.260444 0.256854 0.255387 0.254762 0.271879 0.000000 2.344656 0.811953 0.787246 0.852016 0.241145 0.783961 0.745490 0.823232 0.821975 2.183640 2.240180 2.471732 0.846905 0.822402 2.345381 2.180265 0.828667 2.188405 2.183493 2.184388 2.404764 2.191455 0.826250 0.825460 2.199546 2.223279 3.311909 3.264880 0.833661 2.673380 2.442252 2.459944 0.916285 3.125619 3.132232 0.221969 0.844283 0.729079 0.824933 2.200613 0.844697 0.762947 0.220894 0.220704 0.939335 0.939335
0.932183 0.927051 0.918191 0.892473 0.830248 0.795384 0.739157 2.443881 2.534250 0.244793 0.298419 8.221589 0.272608 0.220240 0.254565 8.074700 6.999539 0.854753 0.840570 0.836768 0.749139 0.221259 0.220541 0.745607 0.823137 2.184006 2.186403 2.223520 0.798205 0.751488 2.185637 2.347021 2.176540 2.171440 2.171789 2.172138 2.174466 2.375775 2.178800 0.825740 0.755809 2.192585 0.835700 0.837986 0.883183 2.336133 2.213011 2.229453 2.230120 0.834634 2.201017 2.240072 2.219450 2.444255 0.796525 0.824165 2.226221 2.226221 0.834568 0.800829 3.636551 0.212402 0.948431
0.930853 0.930813 2.536124 3.119424 2.675582 0.850988 2.532273 2.897922 0.298580 8.221589 0.000000 0.000000 0.271513 0.253758 8.035996 0.000000 2.171305 0.824785 0.798749 0.809393 0.822664 0.229494 0.215981 0.763850 2.179911 0.824870 2.187681 0.790749 0.770787 0.798966 2.375714 2.199096 0.831115 2.358730 2.189992 2.179726 2.173841 2.355117 0.827387 0.827546 0.760523 0.827632 2.217478 2.322343 2.332635 2.187892 2.197061 2.215744 2.446046 2.221696 0.834106 0.767772 0.834344 2.740769 2.237238 2.379791 2.356941 2.237232 0.830186 3.335377 0.992198 0.219438 0.787336
0.930261 2.874841 0.873882 0.851479 2.727946 2.286756 2.563248 0.300926 8.228711 3.383169 0.000000 0.293897 0.219688 8.029658 0.317490 7.930959 0.784764 0.769071 0.771401 0.856813 0.233299 0.227781 0.736039 0.732150 0.753186 0.783973 0.824695 2.212475 0.863315 0.770313 2.176111 0.807875 2.180940 2.184538 0.831432 0.795332 0.828805 0.828805 0.767556 0.763626 0.827364 0.827756 0.757241 0.759455 0.834971 2.187892 2.191565 0.836464 0.837481 0.760120 0.795721 0.795707 0.835498 0.837627 2.466005 2.378957 2.207334 2.348819 3.010456 3.328866 3.481427 0.240838 0.215516
3.497586 2.855430 1.004105 0.858257 2.763817 2.514224 2.835287 0.297856 0.295693 8.151973 0.272369 0.229680 0.290637 7.981969 8.031753 2.206719 0.751269 0.739847 0.755243 0.789449 0.242454 0.228110 0.706990 0.729092 0.710625 0.724642 0.783295 2.215890 2.215890 0.860550 0.806901 2.180712 0.807836 2.185483 2.177338 0.826472 2.183357 0.828902 0.795311 0.763607 0.732032 0.758383 0.757341 0.792832 0.793594 0.838409 2.196246 0.795035 0.839640 0.795442 0.763060 0.834318 2.216825 2.448889 2.468036 2.190473 0.845259 0.768018 0.238777 0.240054 3.358634 3.461673 0.205179
3.538254 2.815565 2.824052 2.510507 2.490675 7.578953 2.803400 0.296631 0.295693 0.293857 0.254600 7.989570 7.939338 7.842822 2.658034 0.787375 0.764786 0.824089 0.790305 2.174551 2.174551 0.841250 0.219939 0.211016 0.728971 0.732180 0.784903 0.822696 0.790505 0.811493 0.847009 0.831689 0.837134 0.836820 0.833222 2.179149 2.181757 0.798796 0.767378 0.763523 0.763390 0.760572 0.763103 0.768931 0.779775 0.940737 0.770268 0.798346 0.791408 0.795259 0.832740 2.201065 2.216143 2.177799 0.834495 0.806694 0.788884 0.760502 0.219081 3.206486 3.282829 2.201796 0.212514
