code/FB/TestMTT/SampleData/Outputs/testMTT_SPREADRATE.asc
NCOLS 84
NROWS 94
XLLCORNER -2098.000000
YLLCORNER 3210.000000
CELLSIZE 30.000000
NODATA_VALUE -1
[rows 56 to 83 of 94, columns 0 to 61 of 84]
2.345830 2.067342 7.005720 8.903681 63.525986 63.537071 0.959061 0.506228 0.507051 0.964655 0.558629 0.978601 0.978601 64.383247 2.483775 2.524214 2.987240 2.134459 6.056896 2.951642 7.178998 5.962665 0.501270 0.455296 2.049646 1.972039 2.123712 2.058717 1.981261 1.770119 2.184350 6.991398 7.161515 7.200476 2.692383 8.230796 8.067728 2.294189 2.614685 2.243981 2.284653 2.318602 2.516261 2.589083 2.487837 2.739041 2.605352 2.422883 2.053766 2.066843 2.750009 2.785017 2.147253 1.786959 2.243673 2.284653 2.161106 0.538621 30.257040 0.857440 24.100918 30.006056
2.297364 11.059570 8.850933 8.850933 7.027359 63.573612 1.314135 0.506954 0.603947 0.789168 0.520678 2.044430 2.093827 2.655946 3.320149 3.351470 2.414478 1.722479 1.896223 3.218709 2.790753 7.011634 1.798405 0.453916 0.553661 2.072359 2.355794 2.245662 2.242151 2.199143 6.357371 7.022039 2.658840 2.523762 7.333377 7.191200 2.603649 2.388130 2.527719 2.578281 2.748069 3.046067 3.261002 3.194600 2.949664 2.874684 2.820586 2.907242 3.108719 2.983349 3.068066 2.686735 1.881307 1.960336 2.290563 1.851538 30.465960 0.491871 30.174358 30.350101 28.770239 30.124176
8.667689 62.169128 29.703979 8.852236 30.619249 25.501160 0.678837 0.507550 0.787327 6.112140 2.107752 2.319099 2.743786 3.735987 4.041054 3.210053 1.897148 1.389454 2.130690 3.218610 2.706503 5.731993 1.550166 0.516670 0.581476 2.126152 2.161975 2.274826 6.286417 6.321068 2.183468 2.607456 2.667205 7.181615 7.200476 7.333377 2.785866 2.710298 2.396351 2.587712 2.740260 3.008862 3.640066 3.380128 3.054994 2.892128 2.967337 3.004524 3.155741 3.106421 2.771277 2.057904 1.750784 2.003765 1.806746 1.662078 1.662078 1.707600 0.480656 30.152895 0.555261 0.657384
11.006095 29.557478 29.837414 25.453993 63.630035 0.000000 0.787030 0.550944 0.967516 9.499173 2.629649 3.224796 3.952031 3.756093 3.474784 2.593169 1.642835 1.177239 2.210738 3.067272 2.272360 1.956148 1.657897 1.655095 0.566556 2.108777 2.042442 6.358104 6.395835 6.497793 2.494218 2.675048 7.181615 7.171720 7.333377 2.610519 2.809518 2.459744 2.328820 2.591455 2.672424 8.113485 8.533213 3.074156 3.248775 3.037867 2.967337 2.967337 3.045989 3.128597 3.248359 2.693667 1.959731 2.076398 2.061383 1.556284 4.984962 5.096314 0.512578 0.524398 0.529983 0.655558
29.839457 7.233375 8.876369 0.000000 0.000000 0.000000 0.550505 7.153552 63.972313 8.564383 3.414878 11.250571 10.065831 3.433502 2.661263 1.854911 1.542706 1.242395 2.029562 2.834199 2.318436 1.940270 1.530331 1.604381 0.691826 0.544033 2.104734 2.191888 2.204394 2.431148 2.361676 7.033758 7.119271 7.200476 6.943943 2.194407 6.346522 6.225972 7.829973 7.829973 2.862900 8.363498 11.554591 9.348373 9.136705 7.584720 2.755584 2.768697 2.828037 0.842794 3.088899 2.943949 0.688491 2.171840 1.595247 1.514062 0.482163 30.083441 1.576581 1.848299 1.793576 0.614402
1.680613 2.067152 37.003559 1.314519 1.315701 0.962659 0.609792 6.172318 7.639419 3.210900 3.694301 3.829922 3.464354 2.592571 2.036390 1.723505 1.288487 1.495829 1.858491 2.444359 2.318436 2.048546 1.776844 1.691814 0.471328 0.520639 2.188780 2.297400 6.866945 6.807089 2.296708 2.364659 6.866945 6.779765 6.700502 6.119610 2.113330 7.537413 2.047937 2.520607 3.110454 3.187847 1.247220 9.142019 8.161175 7.584720 1.061260 0.869794 2.830451 2.910298 2.641622 0.658313 2.553883 2.226088 1.427982 1.612323 29.877033 1.681150 0.491871 1.705275 1.998349 0.659722
1.569976 1.881416 1.739798 0.600583 0.506520 0.789166 2.183063 2.125872 2.304717 3.421151 3.857552 3.569817 2.829370 7.642834 1.829794 1.671451 1.430579 1.549222 1.891304 2.398036 2.196647 2.148717 2.148717 1.741192 1.837440 1.494831 0.487612 0.523347 2.202297 2.255030 2.552018 2.541203 2.248199 2.311502 2.223003 5.896698 2.455913 1.935824 2.244782 2.265052 2.626909 3.238519 1.122370 10.387524 10.972775 11.735818 31.587231 30.338839 15.844683 0.618101 2.633123 2.632223 0.722921 27.650085 1.817027 1.865897 1.885468 1.634799 1.674271 1.923383 2.088116 50.095360
1.846961 1.883668 0.501388 0.546222 0.677412 0.794204 1.019942 2.665586 2.730368 3.841008 3.911196 2.859946 2.397887 2.161736 2.161736 1.922928 1.578853 1.749551 1.866096 1.960463 2.141086 2.035009 1.967863 1.650215 1.718041 1.687139 1.628225 0.498795 2.046232 2.214148 6.943943 2.441231 2.383605 2.159405 2.087787 5.883243 7.059889 2.167190 2.455218 2.363518 2.584473 31.999695 11.951674 0.000000 0.000000 0.000000 33.330524 31.219131 30.327194 30.151470 30.070133 2.523057 28.368214 28.165380 0.777771 2.297116 2.143080 2.072584 2.139371 2.401881 2.286065 1.963623
1.693284 0.671837 0.467615 0.504070 0.678129 0.818555 0.818555 66.447037 3.209101 3.721096 10.791476 3.302603 2.308643 2.233839 1.782940 1.642048 1.732996 1.699429 1.795919 2.091563 2.036759 1.960839 1.690771 1.812248 1.932436 2.031534 1.997917 0.512006 0.564217 2.199074 2.348683 2.078035 2.166553 1.948944 1.999170 1.955625 1.984980 2.449513 2.115456 7.439151 8.435808 32.179855 0.000000 0.000000 0.000000 34.396603 0.000000 0.000000 66.162193 30.347301 30.121824 29.865257 28.703869 29.237162 29.556168 3.092103 0.817676 2.807205 2.874684 2.615322 2.387085 29.684412
1.974174 0.591670 0.951415 0.545905 0.677985 0.684034 0.855822 9.150586 3.338942 9.601585 10.209246 7.649985 6.516221 6.122214 2.139260 2.122075 1.912121 1.754333 6.121758 2.303929 2.300227 1.787802 1.996579 1.854911 1.972834 2.084040 1.817803 1.725883 0.460607 0.544090 2.147680 1.912765 1.966878 1.966878 2.507262 2.194605 1.997859 2.143800 8.959311 9.227338 6.933828 32.036163 0.000000 0.000000 0.000000 0.000000 0.000000 0.000000 0.000000 31.216448 30.496052 30.079784 29.557640 30.019703 30.085594 3.155986 3.325091 0.949806 0.949806 3.441263 0.707062 2.287323
1.679203 1.712828 0.937662 0.960781 0.691666 1.032638 2.624700 2.951642 3.210900 8.226437 10.379032 11.082399 6.458025 2.168767 2.152654 2.131835 1.930786 2.132070 2.197089 1.920880 2.060138 2.085255 2.039105 1.854911 1.821110 1.914235 1.582013 1.680634 1.534055 0.487803 0.508291 0.502200 0.510531 1.980412 2.051676 1.991679 2.007971 1.927310 1.951733 0.525841 0.572562 2.556300 32.241791 0.000000 0.000000 0.000000 0.000000 0.000000 34.286537 28.236134 28.236134 30.925840 0.633981 30.283510 30.254665 30.276981 30.379667 30.666147 3.108390 0.825483 2.565237 2.494516
5.927014 2.034156 0.652024 0.786129 1.010847 7.615254 2.674301 2.510178 2.444545 2.440263 7.873942 9.040897 2.440648 2.232721 2.168977 1.946910 2.163014 30.170124 30.247614 2.025504 30.334127 30.353497 0.810811 2.001174 2.014089 1.701990 1.725295 1.799947 1.505661 0.480119 0.459991 1.692068 0.487847 0.504095 0.571946 0.570762 0.502687 1.698963 0.546069 0.540988 0.524327 0.524327 0.531866 0.688058 31.442274 31.855770 32.332684 33.165798 0.000000 0.000000 30.487688 31.306850 0.693108 30.526611 30.331303 30.312441 30.417435 30.503311 3.160918 2.620505 2.279401 2.364192
7.015751 0.768865 0.779652 0.681578 0.771468 3.117371 2.940954 2.844108 2.645338 7.835490 2.072349 2.710298 8.073081 2.502905 2.252568 2.167984 30.230240 30.254391 30.237976 30.240683 2.216882 0.813570 0.811894 2.179690 1.960517 1.770408 1.535978 1.515324 1.606835 1.607415 1.739241 2.013517 1.943882 1.943882 1.916062 1.870892 0.516520 0.572266 2.265792 2.124880 2.194254 2.219960 2.084685 0.518182 0.503078 31.316362 2.810138 3.126169 33.922440 35.000660 33.361927 31.780876 31.050781 30.693089 30.431471 30.338528 30.290163 30.345625 2.737804 2.698137 29.397926 28.574062
0.666842 63.615955 0.786113 0.563803 0.759737 3.179036 3.305340 3.084665 8.659785 6.460548 2.243673 1.901989 2.810013 7.760176 2.468489 2.227136 30.343948 30.230913 30.122637 1.940693 2.179555 2.004871 1.846501 1.939327 1.773300 1.773300 1.750610 1.536729 1.648542 1.928507 2.074359 2.243966 2.413714 2.970303 2.662287 2.436010 2.350591 2.262783 2.438074 2.868746 2.628486 2.908982 2.575243 2.037062 0.475937 0.525416 0.682247 7.965783 8.488104 33.934330 0.000000 32.664360 31.458584 30.842009 30.577227 30.464380 30.385496 30.326397 30.301420 2.796740 29.392050 28.682692
0.548238 0.677967 0.555957 0.521128 2.321462 3.334918 3.170550 3.116621 7.012717 9.363533 5.830631 1.794645 2.009126 2.795788 2.471895 2.328164 2.328820 2.076885 5.227459 1.941142 1.938787 1.967119 1.967677 1.967595 1.946586 1.774483 1.640727 1.612265 1.538454 1.885358 2.199277 2.252585 2.635525 2.753402 2.960002 2.558532 2.734933 2.393179 3.652509 3.917530 3.385861 3.213488 2.763046 2.215993 1.855762 0.487718 0.495510 2.646421 8.172110 33.860809 0.000000 31.776890 31.520006 30.901550 30.703508 30.612154 30.612154 30.467188 30.274984 30.066105 29.691734 29.275591
0.673337 6.032828 0.540834 1.890476 2.465930 3.118634 2.957861 2.848433 2.848433 2.834424 7.614929 5.843660 2.138850 2.107317 2.178309 2.136939 1.942548 5.997236 5.807218 5.192301 1.707042 1.811389 1.784805 1.783255 1.785007 1.797773 1.934871 1.784460 1.991142 1.973218 2.128689 2.316405 2.568096 3.020509 3.163582 2.706208 2.657121 2.880760 5.219634 4.646131 4.187769 3.528167 2.849230 2.621109 2.355856 1.655592 0.489730 0.637563 3.688338 4.944651 34.073704 32.702847 31.541122 31.214041 30.817444 30.629961 0.679600 0.843235 30.283665 30.100403 30.026911 29.811855
1.998182 1.911191 2.132618 1.953974 2.255501 2.821978 2.940954 2.834064 2.739961 2.815197 2.012798 2.077145 1.973890 2.133317 2.074382 2.067614 1.931034 2.198428 1.868118 1.942797 30.348642 0.585275 2.006375 1.658399 1.841613 1.714140 1.958446 1.818149 2.074630 2.418552 2.303019 2.347924 2.446671 3.357015 3.180375 3.823771 3.910922 4.916300 5.570927 5.110516 4.822659 4.151495 3.523620 3.236176 2.865194 2.009834 1.660817 0.531025 0.925422 4.795440 33.235161 32.038185 31.780876 32.473969 31.244791 30.598196 0.667747 30.463028 30.282682 30.174509 30.235119 30.128334
1.882461 1.756831 1.885229 2.082827 3.121196 3.622428 3.213195 3.014757 2.935047 2.701955 2.314680 1.865444 1.840277 2.064633 1.995400 6.009721 1.851984 30.392836 0.650260 30.404873 30.323168 30.207888 0.622996 1.602244 1.848351 1.967336 1.934247 1.984558 2.159034 2.155853 2.422168 2.393043 2.517756 2.544471 2.772094 3.572783 4.233528 5.589036 4.551113 3.758380 3.475611 3.325746 3.517220 3.606507 3.263877 2.826682 46.650291 1.740848 0.619849 3.500307 33.449883 0.000000 0.000000 0.000000 34.759964 32.456974 30.955446 30.597437 30.489565 30.321941 30.313070 30.158840
2.285487 2.191175 1.985622 2.416377 3.778471 3.741532 3.017263 2.879396 2.818203 30.978949 30.242821 0.709783 1.691625 2.087119 1.728361 1.853509 1.807376 1.782459 0.627678 0.767862 30.266371 30.186876 0.583405 1.716057 1.955977 1.780755 1.922907 2.185001 2.404166 2.247718 2.049335 2.023234 1.915349 2.399230 2.530003 2.722110 33.121662 4.360693 31.197903 0.911323 2.822892 2.656226 2.830323 2.770825 2.770825 0.829961 3.092854 3.356542 2.291274 1.850260 0.545356 0.745874 32.619667 1.082911 35.643444 34.893436 32.015419 30.959162 30.621925 0.658532 0.654509 30.230913
2.235156 5.881146 2.176837 2.578457 3.974653 3.488299 2.637203 2.519206 2.647857 0.843620 30.162069 0.718206 1.783306 2.022895 1.830231 1.797690 5.098236 5.237342 50.312260 0.802019 6.866449 0.618124 1.951892 1.813192 2.146565 1.933338 1.776227 1.972426 1.935850 2.175143 2.010511 1.914760 1.956894 2.396351 2.533500 2.533500 2.709282 32.454819 32.794571 31.306850 30.399706 2.462148 2.654305 2.874833 29.937092 2.737381 2.485313 3.035935 2.653111 2.301816 2.062438 1.684291 0.580611 0.552798 3.472642 35.470402 33.518272 31.643892 31.045017 30.678495 30.604242 30.338257
2.250063 2.053272 1.805478 3.060551 10.233586 2.977850 2.140058 2.010511 2.295838 0.777438 30.231543 0.731011 30.137484 1.879545 1.851110 1.673986 5.230545 5.752925 50.274803 0.678452 0.614814 1.796319 1.938386 1.788126 2.150136 1.935014 1.942080 1.942080 2.179690 1.984827 1.768834 1.799480 2.005737 2.078288 2.231686 2.572716 2.799850 32.364586 32.652355 21.685072 31.037748 30.397840 30.254391 2.632384 2.258761 2.669993 2.821391 2.959028 2.653111 2.613746 2.847679 2.596058 1.943882 0.529367 2.251706 3.373196 4.097100 32.540298 31.761871 31.050781 30.604242 30.628990
2.335689 1.767110 1.851575 3.106538 3.011493 2.357802 1.818858 2.224201 2.091444 30.400473 0.817200 30.143881 5.607944 5.782195 1.915789 1.860889 1.736180 1.884964 1.884964 2.129518 0.625669 0.761375 18.080313 5.161320 1.831374 2.158752 1.786413 1.797678 1.837174 2.171119 1.811632 1.709220 1.831244 1.892946 2.134518 2.421272 2.554470 2.757059 32.085197 32.652355 31.936556 17.030514 30.399179 30.279608 2.633151 0.637289 15.150569 2.791502 28.408987 1.990678 2.102929 2.459408 2.347368 0.481615 1.987648 2.639264 2.916679 0.796984 32.233910 31.377682 30.853495 31.131571
2.836263 2.177493 2.014268 2.432435 2.398036 6.111094 2.167337 2.209497 2.007340 30.392836 30.392836 30.333305 5.597031 5.605828 5.288232 1.761718 1.650917 1.653856 0.480601 0.639778 0.513022 1.829310 1.967260 1.709578 1.979819 1.674047 1.659819 1.692611 1.866577 1.981218 1.679853 1.662882 1.753640 1.993055 1.940395 2.122966 2.482949 2.600695 2.772094 3.454221 32.540298 31.886646 30.847433 30.388710 30.432255 30.482426 30.174995 0.612106 27.797323 2.477300 2.423420 1.675541 1.535978 0.493045 1.942334 2.314723 2.468599 0.722493 0.738600 31.339672 31.407171 32.085197
3.155884 2.177493 2.041459 2.035353 2.082673 2.403023 6.123487 2.209432 2.208250 1.949416 5.304982 1.862416 1.960379 1.795086 5.195450 1.797799 1.771396 1.644295 1.773168 1.691823 1.713228 1.668286 5.122044 5.186244 5.193062 1.821524 1.590354 1.628281 1.843178 1.686788 1.770119 1.647629 1.630672 1.845773 1.999282 2.218408 2.174304 2.332649 2.494316 2.998435 32.450245 32.422352 31.622559 30.793884 30.594944 30.692081 16.662868 2.044175 27.102304 29.211521 0.496766 1.452687 0.413839 0.526418 1.983727 2.095052 2.188229 0.608265 0.564367 0.600521 31.558798 18.827755
10.660301 2.922284 1.933367 1.766862 30.371445 30.630514 0.836739 2.055282 1.809291 5.109114 1.850134 1.860379 1.671282 1.678256 1.694610 1.674144 1.774857 1.645407 1.773855 1.809296 1.624875 1.809296 1.789485 1.819528 2.006876 1.852547 1.878270 1.878127 1.830747 1.556616 1.535860 1.779792 1.719900 1.937225 2.122014 2.152331 1.885875 2.115149 2.348752 2.713394 3.044143 32.152611 32.347343 31.599949 31.040203 30.769743 30.432255 0.510038 26.604034 28.739386 0.428170 0.418751 0.440146 0.540523 0.540523 0.536902 1.944626 2.181672 0.600978 0.532039 1.756193 2.092410
3.639354 7.921647 30.223236 49.870747 30.266245 30.407681 0.827118 0.752367 1.790128 1.784460 5.184169 5.160348 1.780999 1.665116 5.162403 1.676522 1.573794 5.120894 1.697669 2.020392 5.332213 5.228627 5.588923 5.629223 5.215882 1.853818 1.782499 1.755858 1.985307 1.668995 1.550527 1.947561 1.808400 1.654817 1.936194 2.123712 2.000346 1.994363 2.424445 2.804238 2.712716 31.944231 32.252792 32.252792 31.819818 31.170019 31.859478 30.604242 29.238966 26.462845 1.659558 1.341015 0.448029 1.555809 0.486268 1.748862 0.554314 2.043441 0.531025 0.506232 1.752362 30.864943
8.538833 7.849958 30.399179 0.809810 30.261829 30.295275 0.754147 0.742269 1.782773 1.781212 5.118325 1.570821 1.572397 5.127595 5.666864 1.813498 1.863392 1.904754 1.865281 2.412964 2.096035 1.991480 1.928697 1.768820 1.774807 1.690916 1.778830 1.753640 2.007843 1.698963 1.672022 1.976734 1.689825 1.739919 1.883542 2.325529 1.937317 1.937317 2.204218 2.435672 0.738455 2.449816 2.565966 2.986239 0.799330 32.475079 20.608080 0.747744 29.849810 26.833817 2.209378 1.552495 1.506229 1.654312 0.493488 0.532761 1.924199 2.008668 1.878382 1.813461 0.526606 66.141869
2.671428 2.492382 30.469505 30.335003 30.329000 30.314987 6.606613 0.742269 1.661977 1.770193 1.782405 1.798467 1.818858 2.177777 5.229798 1.848724 1.979993 1.925906 2.127573 2.209070 2.128323 2.048303 2.077026 1.806375 1.742845 5.146092 1.783247 1.904765 1.937294 1.937294 1.745300 1.893931 1.763645 1.631068 1.815438 1.994363 2.216179 2.302861 2.096681 2.373629 2.440641 2.499142 2.491786 2.636288 31.900393 18.814127 19.932667 32.454819 30.282467 27.898817 2.614955 2.096754 1.807283 1.768773 1.599927 0.475073 0.524803 0.540841 0.506299 1.812785 30.230913 32.609905
