code/FB/TestMTT/SampleData/Outputs/testMTT_FLAMELENGTH.asc
NCOLS 84
NROWS 94
XLLCORNER -2098.000000
YLLCORNER 3210.000000
CELLSIZE 30.000000
NODATA_VALUE -1
[rows 28 to 55 of 94, columns 0 to 62 of 84]
2.909637 2.906452 2.906452 3.151240 1.363876 4.147561 1.183974 1.046680 0.971438 1.012743 1.112295 1.191127 1.137357 1.180094 1.035915 1.590997 1.059522 1.281636 1.334009 1.385091 1.392311 1.087732 1.540062 1.583584 1.210895 1.107809 1.473616 1.532262 2.414903 1.687657 1.507907 1.699312 1.517887 1.406289 1.111140 1.417477 1.539654 1.721207 0.348277 1.122659 1.547736 0.000000 0.000000 6.265382 0.370693 1.205368 1.193999 1.359207 1.624758 1.506233 1.537473 1.417272 1.441049 1.087166 1.074175 1.072619 0.334112 0.334268 0.335308 1.091320 1.112295 1.453745 1.440297
0.000000 0.000000 2.935003 2.471053 1.463674 1.219058 1.007390 1.002929 0.968394 0.984079 2.487056 1.264081 1.136396 1.173737 1.026887 0.981719 2.952600 1.411463 1.313916 1.053580 1.066251 1.069244 1.114497 1.125806 1.469927 1.433986 1.504332 1.706039 1.426678 1.091622 1.500906 1.523222 1.529721 1.416048 0.346057 0.366045 0.430587 0.367089 0.393709 0.000000 0.000000 0.000000 0.500455 0.353188 1.066728 1.207814 1.645687 1.728826 1.200930 1.111929 1.409373 1.409762 1.081403 1.080421 1.067450 1.067450 1.022986 0.331647 0.321121 0.333449 0.321803 0.371015 1.141057
3.142728 2.968892 2.960683 3.215132 1.683337 1.035800 2.325421 2.292896 1.016587 1.019132 1.116661 1.190982 1.143558 1.045024 1.060364 2.958201 2.962997 2.051976 1.362070 1.053902 1.047625 1.039571 1.000554 1.064723 1.078334 1.087066 1.406640 1.517601 1.111209 1.093214 1.091060 0.364054 0.430328 0.430101 0.347266 0.347803 0.348010 0.333545 0.000000 0.000000 0.000000 0.370722 1.444013 1.460584 1.205816 1.582425 1.582425 1.260385 1.569290 1.514088 1.143624 1.022392 1.072623 1.130783 1.077954 1.067415 1.020404 1.112121 0.346885 0.333489 0.322881 0.336148 0.337367
0.975079 1.982174 2.344301 3.394208 1.730044 1.717840 1.056681 1.078400 1.016357 1.168881 1.140803 1.122410 1.143558 1.160309 2.967396 2.948263 1.132203 1.353177 1.509999 1.490907 1.337962 1.331980 1.011556 1.027398 1.025615 1.042854 1.057251 1.073818 1.097094 1.096455 0.391925 0.430959 3.247724 3.247713 3.247914 3.247943 3.248097 3.249474 0.000000 1.904076 3.255250 0.395764 1.133584 1.444456 1.180220 1.567867 1.541569 1.221777 1.528455 1.199583 1.143281 1.120768 1.125125 1.128913 1.076610 1.115585 1.109782 1.111679 1.066349 0.333356 1.134461 0.339427 0.325504
1.336069 7.460681 1.634190 1.709900 1.741139 1.743187 1.712373 1.087085 1.146856 1.086393 1.119409 1.106948 1.143284 1.403592 2.962293 2.948263 2.407143 1.668534 1.681418 1.657768 1.672565 9.243519 1.363761 1.051973 1.006043 1.031461 1.113296 1.081526 0.343716 0.365638 0.431084 0.000000 0.000000 0.000000 0.431167 3.248002 0.000000 0.000000 3.264071 6.663126 1.742934 1.085818 1.127472 1.134284 1.151029 1.267661 1.521431 1.508535 1.199784 1.163974 1.105772 1.127282 1.436932 1.078921 1.074621 1.115585 1.063460 0.991069 0.993639 1.033224 1.051841 1.085256 0.323565
3.057526 2.378112 1.580871 1.115988 1.122919 1.202324 1.169811 1.158413 1.162396 1.153789 1.117583 1.139757 1.139642 1.106330 1.030793 1.113265 1.625743 1.682415 1.692117 1.664912 1.685873 1.685873 1.700773 1.394344 1.354864 1.093300 1.027617 1.023211 0.427329 0.430435 0.000000 0.000000 3.247990 3.248168 3.248468 0.432005 3.253678 3.259972 1.175431 1.084788 1.078569 1.018601 1.427131 1.432474 1.149313 1.184681 1.163702 1.196112 1.213077 1.239415 1.120638 1.054618 1.453925 1.434238 1.424003 1.117510 1.065762 0.998008 1.034237 1.044046 1.006896 1.069727 1.069997
1.329148 0.976278 8.413111 1.644239 1.178925 1.112508 1.167074 1.260399 1.712730 1.259672 1.169074 1.548379 1.141258 1.141258 1.418956 1.355647 1.446833 1.638315 1.682008 1.394151 1.685458 1.708507 1.116563 1.106006 1.016462 1.099499 0.319649 0.331269 0.430053 0.000000 3.003445 3.247938 3.248170 3.250636 3.251476 0.319154 1.128786 1.488620 1.117679 1.473997 1.465635 1.438915 1.412010 1.072268 1.121267 1.077563 1.092214 1.197767 1.237890 1.677883 1.552318 1.195438 1.477674 1.439026 1.427774 1.117842 1.117510 1.423691 1.082805 1.022634 1.104882 1.104889 1.067676
1.085573 1.334009 2.776581 2.328463 1.161650 1.161650 1.101751 1.262240 1.166518 1.712016 3.019260 1.695798 1.422228 3.012467 1.420123 1.492195 1.665807 1.636714 1.646739 1.370643 1.398954 1.119409 1.126717 1.405607 1.384941 1.405001 0.330617 0.366439 3.247518 0.000000 0.000000 0.000000 0.000000 0.000000 0.354955 0.331628 1.130005 1.177395 1.157806 1.453644 1.446155 1.428284 1.401547 1.416683 1.040482 1.080578 1.094715 1.196236 1.184772 1.606206 2.909996 1.537873 1.203376 1.449407 1.435853 1.427184 1.120768 1.424954 1.125144 1.031696 1.091352 1.095813 1.032108
1.283002 1.601334 1.100861 1.411903 1.462595 1.358163 3.823531 1.077355 1.244538 1.109774 1.114460 1.405455 1.542429 1.447833 9.734414 1.685913 1.667346 1.625105 1.402805 1.348610 1.049956 1.077868 1.128307 1.093366 1.518439 1.532088 0.391557 3.247368 3.247862 0.000000 0.000000 0.000000 0.000000 1.610075 1.109939 0.352527 0.332816 1.171356 1.051240 1.132452 1.041797 1.427720 1.101788 1.104607 1.124972 1.080326 1.134114 1.175462 1.200930 1.712325 1.697290 1.565053 1.660916 1.488919 1.441542 1.130302 1.072996 1.072996 1.422525 0.992449 1.103183 0.999589 1.053090
1.769263 3.055751 1.945519 1.305867 0.972640 0.994481 1.091360 1.679093 2.021848 1.175312 1.106817 1.111396 1.119592 1.136362 1.545019 1.510384 1.640603 1.392548 1.274060 1.065923 1.062827 1.433326 1.120410 1.415166 0.390246 0.391747 3.247410 0.000000 3.003767 3.248002 3.249439 0.000000 5.784830 1.558776 1.034448 1.024021 0.323186 0.355817 1.112240 1.098302 1.132452 1.120229 1.100861 1.100347 1.121950 1.079159 1.139874 1.170046 1.504855 1.504855 1.545545 1.709210 2.625690 10.935051 2.611328 1.476078 1.438694 1.429600 1.422525 1.111959 1.407309 1.094487 4.331100
1.370185 3.060977 4.337789 0.989750 1.076900 1.616863 1.665358 3.231051 4.195622 5.501067 12.541142 1.073701 1.054106 1.124898 1.722361 1.504733 1.389983 1.250188 1.019446 1.045012 1.069925 1.725162 1.543238 1.718676 0.391839 0.430913 0.000000 1.899197 0.000000 0.000000 0.000000 3.281197 1.718762 1.162341 1.077952 1.393363 0.347171 0.347009 1.083484 1.143896 1.143896 1.089309 1.068552 1.095608 1.048072 0.996391 1.084045 1.571593 1.492717 1.622138 1.526003 1.663566 2.625690 1.639698 1.561076 1.507246 2.326358 1.432444 1.424107 1.111959 1.104882 1.094225 4.497903
3.714113 3.056818 3.973101 1.396307 1.023650 1.125219 1.694910 4.395047 5.667494 2.983999 2.969719 2.964960 1.083737 1.044749 1.515162 1.434327 2.942718 1.458078 1.507415 1.062497 1.545738 3.247708 6.303062 0.392550 0.430959 0.000000 3.247901 0.000000 3.248171 0.000000 3.261927 1.650916 1.650916 1.290703 1.188544 1.122952 1.394767 1.522549 0.366117 0.358562 1.099200 1.108240 1.070267 1.050668 1.010878 1.136489 1.155724 1.152842 1.609280 1.661994 1.676202 1.263026 1.537397 1.577143 1.609783 1.508783 1.593157 1.447896 1.126011 1.420663 1.109009 1.098112 5.265885
1.389535 3.307944 3.264482 2.739101 1.081844 1.251602 1.532361 4.193641 2.986605 2.966527 2.968892 2.957085 2.905377 0.977653 8.324634 2.928504 1.381857 1.391321 1.533699 1.118672 1.545727 3.247574 3.246974 0.431161 0.431161 0.000000 0.000000 3.248002 3.248147 0.000000 0.000000 1.494930 1.114460 1.189433 1.462237 1.079089 1.113137 1.087849 1.403527 0.350895 1.016719 1.109995 1.075145 1.120353 1.119673 1.576248 1.482576 1.460229 1.503354 1.690586 1.618643 1.584771 1.453925 1.146575 1.758178 1.784646 3.305183 3.303406 3.040889 1.127082 2.998386 1.102004 1.422525
1.380919 3.042707 3.011353 4.029140 2.262021 1.119361 1.180047 1.179297 2.977663 2.962804 2.969051 2.949566 2.878171 2.231379 1.402473 1.402473 0.936510 0.313996 0.330146 3.246463 3.247765 3.248110 0.000000 3.248137 0.000000 3.248172 3.248143 0.393072 3.248611 3.250327 1.176519 1.109133 1.120188 1.495623 1.156440 1.048543 1.078374 1.403527 1.042475 0.328857 0.311771 0.338236 1.093062 1.131542 1.124993 1.108634 1.566682 1.553992 1.572944 2.658548 1.468624 1.144615 1.436456 1.441644 2.535969 3.287205 3.331762 3.084649 2.054068 5.584950 3.003762 2.994529 1.063590
1.242952 3.018255 3.002406 2.996165 3.000339 1.276337 1.187775 1.187775 1.054478 2.964847 2.947282 2.934108 2.900394 2.877841 3.112329 1.330001 0.339728 0.364241 0.320911 0.348301 3.248432 3.248485 3.248123 0.000000 0.000000 0.431397 0.431371 3.249091 0.000000 0.501037 1.081276 1.257400 1.203904 1.586925 1.460203 1.100206 1.087914 1.024840 1.098093 1.395783 0.308841 0.322999 0.325101 0.316399 1.049680 0.320141 1.157318 1.430650 1.123211 1.438694 1.564053 1.559464 1.434044 1.594167 1.615152 2.913435 3.185262 2.679853 5.132648 3.012892 3.008976 3.001386 2.997555
1.199799 3.021000 7.640178 2.995115 2.997255 1.122250 1.081841 1.082160 2.977147 2.916934 2.866739 0.000000 0.000000 2.848131 2.876352 1.516257 0.424638 0.431091 0.431249 0.431497 0.431900 3.248648 4.781450 3.249692 3.249498 0.431815 0.393843 0.369874 0.355045 1.046054 1.224585 1.539864 1.493374 1.469253 1.153774 1.159444 1.150202 1.124636 1.104589 1.096167 1.060275 1.079816 0.989533 0.309888 0.314351 0.337311 0.326470 1.085178 1.124741 1.549639 1.739743 1.578284 1.581483 1.449721 1.468994 1.501805 2.331111 1.518803 4.057385 4.057385 3.067942 3.033221 3.007074
5.193816 3.009307 0.326645 2.986663 1.111041 1.079823 1.088434 1.078719 2.944756 2.856836 0.000000 0.000000 0.000000 0.000000 2.190228 1.624200 3.247338 0.431225 0.393340 0.432388 0.349652 0.432214 0.000000 1.080326 1.436986 1.076921 1.074953 0.992556 1.098100 1.203849 1.198425 1.500915 1.504594 1.174278 1.083947 1.486983 1.164558 1.132050 1.108682 1.052685 1.109982 1.074314 1.049585 1.101109 1.053320 1.139642 0.353765 0.326335 0.313180 0.349891 1.163261 1.163261 1.486487 1.142022 1.448884 1.458401 2.986850 3.188602 1.516990 1.614699 3.112660 3.062244 3.013294
4.570223 1.139633 2.973514 1.080755 1.071674 1.088434 1.082015 1.054242 2.899589 0.000000 0.000000 0.000000 2.858074 2.556547 0.380056 3.242249 3.247867 0.367557 0.349800 0.335917 1.079071 1.436853 1.436104 1.036964 1.108305 1.083487 1.121911 1.093884 1.128013 1.512369 1.188544 1.487889 1.148914 1.123052 1.109693 1.082092 1.162710 1.041285 1.019271 1.023659 1.069188 1.128438 1.145359 1.145359 1.460810 1.479597 1.154885 1.139640 1.047155 0.324152 0.304435 0.314429 1.074882 1.141449 1.569180 1.450352 1.461574 1.624512 1.705542 5.652135 3.085481 3.042164 3.006607
1.229975 1.235923 1.157556 2.985564 1.148834 1.099043 1.115025 2.970559 2.862105 0.000000 0.000000 2.853428 1.376239 0.385560 0.393228 0.431088 3.247993 1.430584 0.369603 0.337101 1.009752 1.045691 1.097504 1.067915 1.177064 1.052987 1.416603 1.086132 1.151585 1.220049 1.189433 1.501805 1.202827 1.135170 1.135170 1.145049 1.159030 1.142330 1.071859 1.070353 1.129433 1.023995 1.099773 1.165187 1.487234 1.180689 1.077838 1.016654 3.005032 3.006238 0.314492 0.316816 0.318795 0.356472 0.356756 0.353391 1.113686 1.300380 1.335843 4.857627 3.085990 3.056271 3.005419
1.379779 1.764616 1.691884 2.993577 3.031142 3.010261 2.982296 2.933872 2.841612 2.841434 2.862988 2.720230 0.420549 3.248458 0.498819 3.247761 3.249335 1.439971 0.328349 0.338098 0.986976 1.058494 1.164815 1.093106 1.465133 1.131276 1.131276 1.401584 1.546248 1.115518 1.165104 1.290134 1.517041 1.196197 1.112124 1.168324 1.445911 1.128357 1.075424 1.080929 1.445055 1.150562 1.150928 1.124289 1.182298 3.016337 0.268032 14.624408 2.997555 3.005600 0.316203 1.113134 0.310900 0.307163 0.324177 0.323433 0.325414 1.068496 1.184971 4.637770 3.995120 8.540934 3.990713
1.624745 1.346027 1.699597 1.433685 3.053396 3.003068 2.945760 2.868066 2.891171 3.258177 3.161468 0.000000 0.000000 0.431637 0.368067 3.248555 3.253920 1.763796 1.763796 1.117204 0.338583 0.326135 1.100206 1.115473 1.180328 1.162126 1.130084 1.096167 1.403652 1.442589 1.230691 1.225488 1.514818 1.189316 1.469679 1.143574 1.132981 1.127472 1.437230 1.088575 1.144186 1.099160 1.093140 1.099570 1.461485 3.012166 3.007846 2.998779 2.992513 3.005483 3.013523 0.343136 0.376860 1.011868 1.037516 1.065508 0.339984 0.325734 0.319059 0.356033 0.325725 1.211128 1.226128
4.577158 1.302524 1.276975 1.761209 3.050546 2.985524 2.874768 2.843739 2.043660 2.043660 1.444091 1.660196 0.389762 3.248023 0.348903 0.367729 3.250543 0.000000 1.826630 1.072562 1.081841 0.336369 1.060787 1.188341 1.485684 1.163354 1.141334 1.111959 1.501045 1.430638 1.244268 1.233340 1.521362 1.489478 1.590374 1.147503 1.084607 1.434257 1.440480 1.142972 1.151890 1.145917 1.437870 1.136101 3.011627 3.012048 3.008955 3.002472 2.992513 3.007375 3.018876 3.022347 19.737692 0.992703 1.078744 1.160884 1.192091 1.138297 1.088715 0.324750 0.323457 3.275386 1.246781
1.074378 1.119688 1.122162 1.193901 1.322706 1.255916 2.957971 2.873399 2.677303 1.383951 1.387429 0.361408 0.366872 0.367293 0.367543 0.393251 0.000000 1.663051 1.230372 1.114491 1.115429 0.348980 1.099835 1.096852 1.167400 1.162475 1.453925 1.429111 1.496650 1.101122 1.179613 1.648771 1.496588 1.181527 1.485230 1.474519 1.453581 1.557607 1.447264 1.145259 1.150529 1.452490 1.438557 3.007275 3.011203 1.154837 3.010815 2.840234 3.038423 1.558940 3.027843 3.027080 0.263816 1.119521 1.051508 1.248620 1.561781 1.214942 1.079498 0.242498 0.330951 3.578462 3.578462
1.166912 1.175449 1.179411 1.193738 1.162710 1.083397 0.948809 1.389983 1.526886 0.344353 0.429506 3.246755 0.393031 0.321799 0.367607 3.248668 8.317482 1.307098 1.260755 1.128901 0.981997 0.321313 0.338116 1.097885 1.154212 1.453757 1.449188 1.433674 1.028400 0.979568 1.453009 1.660076 1.501805 1.485990 1.495753 1.485317 1.468720 1.572195 1.471833 1.155086 1.076414 1.456897 1.137999 1.132917 1.210163 4.896042 1.453789 1.426040 1.417179 1.172946 1.484034 5.670288 5.183187 1.547887 1.055801 1.158154 1.617143 1.617143 1.215564 1.109872 2.966270 0.315400 3.721089
1.170991 1.171011 1.532088 2.037016 1.743057 1.099336 1.454200 1.667661 0.429442 3.246755 0.000000 0.000000 0.393350 0.368108 3.249439 0.000000 1.486120 1.245337 1.174638 1.070550 1.055516 0.334094 0.334988 1.115152 1.455647 1.143229 1.448699 1.081578 0.994577 1.019923 1.582718 1.567867 1.211736 1.633853 1.529654 1.511381 1.493374 1.598478 1.188101 1.173344 1.087211 1.156738 1.441485 4.753144 4.766402 1.477282 1.473243 1.449095 1.541050 1.430257 1.180024 1.090697 1.151098 3.590969 1.401584 2.468171 2.890595 2.787816 1.219736 3.005271 3.523224 0.319783 1.187296
1.171291 1.700367 1.099874 1.119770 1.727156 1.397927 1.504332 0.427575 3.246654 3.003427 0.000000 0.431240 0.322384 3.249533 0.498626 3.252237 1.112529 1.140404 1.121588 1.118839 0.330688 0.337268 1.074248 1.059307 1.074300 1.094788 1.143414 1.436412 1.093366 0.996265 1.473962 1.203199 1.527713 1.520154 1.208850 1.152228 1.200433 1.200433 1.116757 1.104008 1.174058 1.163210 1.066271 1.051133 1.139642 1.477282 1.473138 1.138469 1.117510 1.042524 1.127823 1.117373 1.148986 1.113655 2.070336 2.165041 1.582425 3.187260 3.037423 3.005203 2.995115 0.343249 0.338646
2.997039 1.703641 1.261593 1.118306 1.721297 1.534276 1.711171 0.429973 0.430892 3.247883 0.393072 0.333802 0.432491 3.250715 3.249502 1.436139 1.054307 1.078213 1.110461 1.080578 0.347569 0.336082 1.025079 1.051240 1.033957 1.035862 1.100990 1.434257 1.434257 1.097094 1.048519 1.495962 1.201688 1.541402 1.515463 1.192727 1.505153 1.199784 1.152935 1.103314 1.049419 1.076836 1.065568 1.098469 1.101428 1.200996 1.482858 1.088410 1.111679 1.081913 1.087579 1.177255 1.447639 1.514417 1.521594 1.492872 1.266964 1.125413 0.303357 0.309178 3.003927 2.995196 0.312653
2.991296 1.715289 1.714272 1.540017 1.542815 6.427411 1.717841 0.430541 0.430892 0.431246 0.367595 3.250577 3.252058 3.255720 1.741434 1.098754 1.070785 1.148036 1.180898 1.504594 1.504594 1.125860 0.323619 0.317014 1.053660 1.063303 1.123652 1.149849 1.079904 1.058700 1.117252 1.206450 1.238984 1.243855 1.232159 1.512369 1.507901 1.164723 1.113831 1.100346 1.096209 1.083091 1.088612 1.099456 1.116683 3.346930 1.111172 1.106740 1.070170 1.089845 1.195925 1.498393 1.448940 1.369448 1.115551 1.177041 1.168899 1.088744 0.292289 3.012846 3.008620 5.170938 0.312105
