code/FB/TestMTT/SampleData/Outputs/testMTT_INTENSITY.asc
NCOLS 84
NROWS 94
XLLCORNER -2098.000000
YLLCORNER 3210.000000
CELLSIZE 30.000000
NODATA_VALUE -1
[rows 50 to 74 of 94, columns 0 to 56 of 84]
303.595123 332.119476 333.716492 381.842194 477.102753 426.278351 2744.487305 2576.763184 1007.418884 526.436462 529.316223 28.424170 29.366707 29.439972 29.483471 34.151371 0.000000 784.858276 407.655060 328.777649 329.378906 26.342018 319.450653 317.570496 363.656189 360.329376 586.021423 564.496948 624.104736 320.263977 371.977661 770.281250 624.049072 373.291260 613.798706 604.216797 585.720276 680.687988 580.200562 348.829681 352.328186 584.765076 572.639038 2844.909668 2852.992920 355.202484 1201.406494 1100.765869 1217.968994 447.618378 2887.378662 2885.796631 31.161362 332.012024 289.721283 420.913025 684.659973
363.326080 369.129425 371.839691 381.728943 360.487762 309.162201 231.712906 531.436707 651.840271 25.588734 41.368378 3360.534668 34.109997 22.084766 29.494658 3364.839600 5516.348145 464.949188 429.856720 338.088898 249.694992 22.012320 24.591822 318.220856 354.784668 585.874146 581.879089 568.422058 276.058380 248.354370 585.219421 781.808655 628.787415 614.481750 623.292114 613.877502 599.063110 694.622986 601.826782 355.369354 304.847137 588.628723 344.040131 340.708893 393.239105 2491.331543 585.902283 561.862915 554.300964 367.422882 612.724609 3105.070557 2713.683838 671.487976 292.298798 357.424164 738.520081
366.092499 366.106140 656.677917 1219.799683 869.264343 319.136047 586.262573 789.595032 41.355026 3360.534668 0.000000 0.000000 34.170189 29.582123 3366.576660 0.000000 614.598572 418.511169 368.575989 301.248413 292.127380 23.960333 24.099983 329.201141 587.531189 347.486755 581.452209 308.035034 256.700958 271.135590 704.770203 690.473022 394.351257 755.210571 654.411438 637.536194 621.138733 720.115234 377.821136 367.694000 311.533173 356.474548 575.176392 2383.062256 2393.039795 606.680664 603.081055 581.798218 665.057251 565.481628 372.259613 313.709229 352.707336 1564.881348 541.126221 891.716370 1130.172729
366.296478 823.647644 319.475403 332.172119 852.118286 538.061646 631.089783 40.965092 3360.307373 2837.000000 0.000000 41.732300 22.172234 3366.787354 57.220280 3372.881592 327.520386 345.622559 333.345612 331.572205 23.432537 24.457901 303.514801 294.413147 303.546814 316.272583 347.608734 570.784668 315.380463 257.649353 603.720398 388.336365 652.607483 645.608154 392.312256 353.460052 386.398224 386.398224 330.232147 322.091553 368.180389 360.825104 298.636902 289.496613 345.121124 606.680664 602.987061 344.348877 330.716309 284.367004 337.387329 330.628296 351.301849 328.241180 685.054565 732.593628 704.487000
2823.900879 827.098694 430.478455 331.228912 845.846558 658.718140 835.066101 41.466141 41.659245 3363.072998 34.117729 23.914888 41.995892 3369.451172 3366.717529 570.549011 291.400421 305.955780 326.198456 307.416412 26.111126 24.271351 274.123871 289.560425 279.311493 280.431335 320.180511 568.925171 568.925171 317.722565 287.933746 623.481262 387.276764 665.387268 641.285156 381.026306 631.838989 385.944244 353.931885 321.651489 288.471497 305.106506 298.208832 318.589264 320.457581 386.792419 611.669678 312.280609 326.976715 308.242645 311.762787 370.363190 580.527283 640.323303 646.938599 620.685669 434.471985
2812.149658 839.442017 838.359436 664.088257 666.713562 3747.296143 842.158508 41.585495 41.659245 41.733486 29.492645 3369.140137 3372.476562 3380.739014 867.505981 318.768829 301.392120 350.670746 372.859161 631.328674 631.328674 336.112122 22.357195 21.377172 291.011841 296.832855 334.680847 351.875671 306.999664 294.046539 330.550446 390.621399 413.883270 417.428833 408.943359 638.442810 634.349426 361.845764 328.354065 319.773865 317.165833 308.972534 312.406830 319.211456 330.184418 1408.101196 326.652649 323.826721 301.015808 313.176636 383.250824 625.686218 581.662537 514.517029 329.457642 370.216644 364.672058
369.473755 325.611115 660.974304 840.042725 3358.212646 3358.798584 41.624912 21.971149 22.006880 41.867687 24.245462 42.472969 42.472969 3403.530762 391.200378 397.569580 470.497253 336.182159 571.454895 464.890503 677.322632 562.564331 21.755985 19.760639 322.823975 310.600616 334.489563 324.252625 312.053192 278.797852 344.040131 659.623108 675.673218 679.349121 424.056610 776.557556 761.172424 361.340057 411.818939 353.432281 359.838104 365.185181 396.317017 407.786499 391.840149 431.405365 410.348999 1297.176025 323.472992 325.532562 433.132721 438.646606 338.197388 281.450195 353.383759 359.838104 340.379181
361.840149 1417.795044 1023.025940 1023.025940 663.015869 3360.730225 57.035717 22.002670 26.212341 34.251255 22.598322 322.002472 329.782623 418.317596 522.931213 527.864258 380.285858 271.294373 298.659454 506.954132 439.550079 661.532349 283.252899 19.700748 24.029850 326.401276 371.043030 353.696930 353.144043 346.370148 599.803955 662.513916 418.773499 397.498352 691.888000 678.473938 410.080750 376.136078 398.121613 406.085236 432.827209 479.762543 513.615356 503.156891 464.578949 452.769318 444.248810 457.897308 1717.115234 469.884308 483.227509 423.166962 296.310150 308.757446 360.768890 291.621460 2874.396484
978.086487 3286.484375 2802.505371 1001.283020 2181.274170 450.006348 29.462692 22.028557 34.171326 576.666992 331.975891 365.263397 432.152618 588.426514 636.475342 505.590851 298.805267 218.842163 335.588593 506.938507 426.280426 540.800964 244.154770 22.424368 25.237059 334.873871 340.515991 358.290314 593.109741 596.378906 343.901215 410.680328 420.091003 677.569641 679.349121 691.888000 438.780334 426.878174 377.430878 407.570557 431.597321 473.902649 2037.648438 1935.661865 481.168610 455.516754 467.362366 473.219513 497.036530 489.268494 436.482605 324.124573 275.752502 315.597687 284.566742 261.781189 261.781189
1615.476440 2788.683105 2815.094482 449.174011 3363.712891 0.000000 34.158447 23.911903 41.991867 896.226135 414.175781 507.912781 622.453979 591.593323 547.286560 408.430176 258.750397 185.417877 348.196320 483.102478 357.901947 308.097870 261.122589 260.681366 24.589508 332.137268 321.689331 599.873169 603.432983 613.052490 392.845154 421.326263 677.569641 676.636047 691.888000 411.162811 442.505646 387.415436 366.794586 408.160095 420.913025 765.489502 923.209045 484.186646 1812.196289 478.471130 467.362366 467.362366 479.750366 492.761230 1912.224976 1543.346680 308.662109 327.037476 1101.273804 245.118271 2018.093750
2815.287354 842.137634 1029.318481 0.000000 0.000000 0.000000 23.892874 674.921936 3381.807129 808.030701 537.851196 1061.466675 949.689148 540.784485 419.155090 292.152710 242.979767 195.680161 319.660767 446.392975 365.158966 305.597046 241.030624 252.693665 30.026432 23.611961 331.500427 345.227356 347.197113 382.911499 371.969482 663.619629 671.687561 679.349121 655.145813 345.624115 598.780457 587.406860 969.808350 969.808350 450.913330 1194.887695 2238.126709 1467.323364 1260.965332 779.544617 434.010834 1592.198242 1730.033936 45.977440 1752.776123 1663.298340 35.212132 1193.969727 857.316711 238.468307 24.450644
264.700470 325.581207 11600.466797 57.052376 57.103664 41.781048 26.466009 582.344666 720.762390 505.724152 581.860962 603.221619 545.643677 408.335938 320.736084 271.456024 202.939667 235.596512 292.716583 384.992249 365.158966 322.650665 279.857056 266.464691 20.456429 22.596632 344.737946 361.845764 647.881226 642.233948 361.736755 372.439270 647.881226 639.655945 632.177673 577.371765 332.854340 819.806396 322.554871 397.001373 489.903656 502.093292 54.131500 1584.294434 1099.920532 779.544617 46.060520 37.750534 1789.059570 1797.911011 1608.395752 35.060028 1459.659668 1250.775146 224.910400 253.944595 2818.832520
247.274872 296.327393 274.022247 26.066315 21.983833 34.251160 343.837494 334.829742 362.998169 538.839233 607.573425 562.254395 445.632294 721.084595 288.196838 263.257477 225.319427 244.006073 297.884796 377.696136 345.976990 338.427917 338.427917 274.241699 289.401093 235.439346 21.163191 22.714153 346.866821 355.172455 401.948792 400.245453 354.096527 364.066925 350.128113 556.340515 386.812012 304.896698 353.558441 356.750854 413.744263 1891.594116 48.712776 1514.132080 1543.382202 2046.130859 2980.186035 2862.402832 10464.618164 36.984737 1682.200684 1568.190186 31.376020 2608.724854 317.731781 293.883148 296.965546
290.900604 296.682007 21.761093 23.706985 29.400846 34.469810 44.267235 419.835938 430.039215 604.967712 616.022522 450.448029 377.672699 340.478394 340.478394 302.865631 248.672928 275.558289 293.914398 308.777405 337.226044 320.518585 309.942993 259.912689 270.595490 265.728271 256.449158 21.648539 322.286194 348.733368 655.145813 384.499573 375.423279 340.111206 328.831238 555.071106 666.085083 341.337402 386.702484 372.259613 407.060486 3019.100830 1996.933228 0.000000 0.000000 0.000000 3144.661865 2945.456543 2861.304199 2844.724854 2837.051270 1605.503296 2676.478760 2657.342041 33.756603 361.801086 337.540039
266.696106 29.158873 20.295284 21.877508 29.431961 35.526691 35.526691 3512.629883 505.440918 586.081299 1018.152100 520.167603 363.616577 351.834747 280.817108 258.626343 272.950928 267.664032 282.861450 329.426025 320.794189 308.836700 266.300385 285.433197 304.363159 319.971283 314.676544 22.221933 24.487991 346.359253 369.923004 327.295258 341.237122 306.963257 314.873932 308.015411 312.638947 385.803925 333.189240 701.867615 1511.825195 3036.098633 0.000000 0.000000 0.000000 3245.243896 0.000000 0.000000 3497.572021 2863.201416 2841.927979 2817.721436 2708.146973 2758.462158 2788.559570 1808.094360 47.570312
310.936920 25.679514 41.293045 23.693222 29.425722 29.688248 37.144150 863.337769 525.891052 905.888489 963.219910 721.759277 614.791138 577.617432 336.938385 334.231781 301.163452 276.311523 577.574402 362.874146 362.291107 281.583038 314.465881 292.152710 310.725922 328.241180 286.308136 271.830505 19.991129 23.614428 338.264496 301.264984 309.787811 309.787811 394.899536 345.655396 314.667419 337.653534 845.291382 870.579041 887.972351 3022.541748 0.000000 0.000000 0.000000 0.000000 0.000000 0.000000 0.000000 2945.203369 2877.235596 2837.961670 2788.698486 2832.293213 2838.509766 1940.765015 1991.852417
264.478363 269.774445 40.696121 41.699554 30.019487 44.818249 413.396301 464.890503 505.724152 776.146240 1187.821533 1808.009277 609.300476 341.585846 339.047974 335.769043 304.103180 335.805939 346.046539 302.542999 324.476501 328.432556 321.163757 292.152710 286.829102 301.496429 249.170761 264.703796 241.617172 21.171471 22.060686 21.796349 22.157906 311.919403 323.143707 313.694031 316.260101 303.555817 307.402405 22.822407 24.850183 402.623138 3041.942383 0.000000 0.000000 0.000000 0.000000 0.000000 3234.859619 12991.229492 12991.229492 2917.785156 47.071419 2857.182861 2854.461426 2856.566895 2866.254883
559.200806 320.384308 28.298965 34.119358 43.872494 718.482544 421.208649 395.358795 385.021515 384.347107 742.889160 852.988831 384.407623 351.658752 341.618835 306.642883 340.679749 2846.484863 2853.796143 319.021576 2861.958252 2863.785645 46.697216 315.189606 317.223694 268.067352 271.737976 283.495758 237.145172 20.837999 19.964394 266.504547 21.173386 21.878593 24.823442 24.772047 21.817486 267.590668 23.700350 23.479816 22.756702 22.756702 23.083885 29.862909 2966.509521 3005.521973 3050.517822 3129.120361 0.000000 0.000000 14711.169922 2953.732666 51.633522 2880.118652 2861.691895 2859.912109 2869.818359
661.920715 33.370083 33.838245 29.581650 33.483017 490.993134 463.207031 447.953552 416.646820 739.261292 326.399719 426.878174 761.677429 394.213318 354.784668 341.462463 2852.156738 2854.435547 2852.886719 2853.142090 349.164001 51.246716 47.798248 343.306213 308.785980 278.843353 241.920166 238.667084 253.080215 253.171616 273.934418 317.133545 306.165863 306.165863 301.784119 294.669800 22.417854 24.837305 356.867523 334.673523 345.600067 349.648865 328.342743 22.489975 21.834463 2954.630127 442.603149 492.378784 3200.507568 3302.235596 3147.624756 2998.455811 2929.572998 2895.825684 2871.142578 2862.373535 2857.810303
28.942080 3362.968750 34.118637 24.470005 32.973877 500.705475 520.598694 485.841827 817.031677 609.538513 353.383759 299.567627 442.583557 732.155579 388.792755 350.779022 2862.885010 2852.220459 2842.004639 305.663696 343.284943 315.771851 290.828094 305.448425 279.298920 279.298920 275.725189 242.038315 259.649200 303.744293 326.716431 353.429779 380.165558 1619.232056 419.316345 383.677185 370.223511 356.393616 384.002289 1554.021973 413.992645 1612.039795 1407.268188 320.842010 20.656477 22.803976 29.610695 3201.997070 3476.691895 3201.629639 0.000000 3081.810791 2968.048340 2909.875732 2884.894287 2874.247314 2866.804932
23.794455 29.424948 24.129490 22.617851 365.635590 525.257202 499.368896 490.875092 661.634460 883.428772 550.107239 282.660828 316.442017 440.343048 389.329163 366.691162 366.794586 327.114166 2317.237793 305.734344 305.363495 309.825745 309.913757 309.900818 306.591736 279.485107 258.418243 253.935547 242.309998 296.948212 346.391266 354.787323 1421.059082 1537.924194 1667.280151 402.974640 1461.008911 376.931274 2099.003662 2288.795898 533.281006 1880.843994 1543.996216 349.023956 292.286896 21.167793 21.505964 416.817474 3270.764648 3194.693115 0.000000 16787.593750 2973.843506 2915.493408 2896.808594 2888.189697 2888.189697
29.223991 569.184082 23.473112 297.754272 388.389709 491.192139 465.870026 448.634766 448.634766 446.428406 718.451843 551.336548 336.873901 331.907288 343.088776 336.572845 305.955780 2129.200928 2071.380371 2043.986328 268.863129 285.298035 281.110901 280.866852 281.142792 283.153442 304.746674 281.056610 313.609467 310.786377 335.273438 364.839142 404.481049 1705.493042 1847.245361 426.234100 418.502747 453.726349 3335.244629 878.893738 2569.719971 2095.594482 448.760254 1456.155884 1291.938599 260.759644 21.255123 27.671343 580.921753 2734.646973 3214.779297 3085.441895 2975.835693 2944.976074 2907.558350 2889.869629 57.851929
314.718231 301.016937 335.892273 307.755402 355.246613 444.468018 463.207031 446.371674 431.550262 443.400085 317.020416 327.155151 310.892181 336.002411 326.720032 325.653931 304.142395 346.257538 294.232941 305.994965 2863.327881 35.864166 316.008636 261.201752 290.058319 269.980988 308.459747 286.362701 326.759033 380.927582 362.730743 369.803436 385.356323 1914.120728 500.916351 2226.665039 615.979248 2982.240723 3617.944824 3264.045410 3047.138916 2543.924805 554.978333 1896.594116 1635.588379 316.553467 261.582550 23.047379 40.164894 3014.741211 3135.664307 3022.732422 2998.455811 3063.847656 2947.877441 2886.872559 55.886452
296.492004 276.704956 296.927917 328.049988 491.595551 570.540833 506.085632 474.831146 462.276733 425.564178 364.567413 293.811676 289.847870 325.184418 314.280151 2187.494873 291.691772 2867.497314 49.381115 2868.633057 2860.924316 2850.047852 42.590073 252.357086 291.119537 309.859985 304.648346 312.572479 340.052826 339.551880 381.497162 376.909790 396.552368 400.760040 436.611237 2126.161621 803.271301 3797.161865 2980.983154 2360.184570 2132.265625 1972.335815 1934.946777 2013.460205 514.068176 1656.628052 20244.095703 274.187622 26.902523 551.306396 3155.923096 0.000000 0.000000 0.000000 3279.526611 3062.244385 2920.578369
359.969421 345.115173 312.740112 380.584961 595.117920 589.299927 475.225952 453.511505 443.873444 2922.795654 2853.343750 40.200569 266.434845 328.726105 272.220856 291.932007 284.665955 280.741394 60.899700 60.122520 2855.565674 2848.065674 35.669567 270.282867 308.070953 280.472992 302.862274 344.142700 378.661682 354.020752 322.775085 318.664032 301.671967 377.884338 398.481293 428.738556 3124.956055 2987.394043 2943.453613 39.552967 1576.213867 1476.502075 1584.888794 1571.352905 1571.352905 46.769310 1815.043701 1885.246582 360.880920 291.420166 23.669386 32.372234 3077.593994 47.000183 3362.880859 3292.119141 3020.584473
