code/FB/TestMTT/SampleData/Outputs/testMTT_SPREADRATE.asc
NCOLS 84
NROWS 94
XLLCORNER -2098.000000
YLLCORNER 3210.000000
CELLSIZE 30.000000
NODATA_VALUE -1
[rows 0 to 27 of 94, columns 0 to 61 of 84]
1.662201 1.796747 1.922547 1.881629 1.681214 1.868118 2.209070 2.585526 2.048303 1.987527 2.370069 2.234656 2.497504 2.503781 2.506772 6.732562 2.173092 2.177127 1.902899 2.421371 30.590851 1.798763 1.810751 1.837954 1.790356 1.915532 1.933035 2.027986 5.094551 2.113346 1.860274 1.501619 1.233392 0.484910 0.504621 0.507081 0.507531 0.549342 1.919337 1.651375 1.660426 1.926442 2.134198 1.986479 1.934546 6.289060 30.629557 30.526611 30.152895 29.881191 29.688360 29.217724 29.473810 2.094069 2.094069 2.246759 2.626855 2.393179 2.554241 2.250294 2.186056 2.606133
1.777320 1.884648 1.745797 1.716057 1.950208 2.640535 2.680780 6.857559 1.771556 5.390248 2.340643 2.441231 2.497504 2.503781 2.456081 6.034439 2.019261 2.062443 2.218408 30.827927 30.700115 5.664011 4.283087 1.942432 1.817027 1.816238 1.826991 1.901546 5.034997 1.900058 1.447308 1.335627 1.244471 1.698358 0.539566 0.548445 0.507200 0.548110 0.548362 0.606758 1.669858 1.969415 1.966191 1.877951 2.090518 6.350074 6.350074 15.889431 30.256796 30.028866 29.843231 29.784388 29.839457 2.698619 2.393970 2.266317 2.597639 2.380585 2.515314 8.669011 2.132082 2.105560
5.060084 1.820697 1.891304 2.014633 2.383844 2.463864 2.123959 5.455996 5.326451 5.414461 2.027115 2.441231 2.450403 2.453286 6.029778 2.019261 2.175143 2.461406 2.107248 0.664635 5.562490 5.720296 5.344041 1.316789 4.234109 1.694372 1.761161 5.155639 1.352440 1.500645 1.386030 1.178269 1.472170 1.520562 0.577169 0.602457 0.602984 0.506959 0.473226 0.549108 0.964188 0.622406 1.867832 1.850950 1.843890 9.304805 9.690724 32.130318 7.180170 30.000835 29.760353 29.809061 2.334513 2.764853 2.409423 2.511389 2.268269 2.372145 2.554713 2.219469 2.099483 2.458966
1.890009 5.426649 1.995529 1.943567 2.379440 2.348683 1.873602 5.326451 5.434166 2.006591 2.067956 2.438000 2.407043 2.015019 5.960753 2.211491 2.258275 2.506772 2.147276 6.098582 5.886473 6.204777 1.367902 0.885246 1.350146 5.006532 1.766734 1.658967 1.405885 1.405885 0.969019 0.000000 4.719439 1.164953 1.336328 1.602490 0.540894 0.505977 0.507257 0.603954 0.786535 0.569943 2.069627 1.989034 2.144314 7.600316 9.899639 7.621382 7.147228 7.330436 29.613750 29.823132 2.032922 2.379379 2.449732 2.198771 2.161735 2.367494 1.946589 1.908954 5.895436 5.969713
5.637225 5.575220 1.903229 2.073305 2.308753 2.431276 2.134296 5.900421 5.448841 6.003569 5.502538 6.004357 5.948183 5.956686 2.371772 2.456081 6.943943 2.358587 6.262424 7.763424 5.600493 5.600493 4.552065 4.065849 3.393723 3.828038 4.410025 1.422626 1.350146 1.038469 0.000000 0.000000 6.711930 1.328767 1.511724 1.566323 0.491767 0.470436 0.507257 0.603954 0.678180 0.614353 2.258148 2.177523 7.211399 6.595757 2.487354 7.715064 9.031781 2.472880 29.613750 29.759836 2.029868 1.925718 2.254204 2.134741 2.099998 2.797718 2.307291 5.503552 7.012450 7.070771
2.018123 2.220113 2.220113 2.274500 2.442670 2.053014 1.971641 5.915199 1.909032 5.367981 5.853913 1.937406 1.937406 1.974125 2.012798 6.710623 6.829427 2.558685 2.361676 2.244158 30.272673 29.859167 3.092530 3.374088 1.240407 1.289981 1.426323 3.910736 3.544989 26.907667 26.638435 8.204000 5.325390 1.360775 1.534292 1.706901 0.479556 0.499358 0.507257 0.549410 1.314882 0.963209 0.567372 6.137244 6.201325 7.624393 7.780442 9.623975 30.848177 8.670380 2.303924 29.759415 2.343393 1.958948 1.864339 2.086960 2.329205 1.939203 2.043728 6.742167 7.014923 2.101688
1.971160 2.269188 2.461566 2.073305 2.073305 2.388205 1.999176 5.922406 1.881712 1.887991 1.771728 1.929525 5.471862 2.364897 1.928508 2.506772 6.943943 2.558685 2.155853 30.459774 29.975187 4.151971 26.731781 27.669918 27.954666 27.976393 28.070961 1.913254 27.354837 0.000000 27.401079 8.642820 7.312031 4.904439 5.174532 1.935367 1.821432 0.537411 0.548585 0.549410 0.785731 63.625938 0.790377 0.820854 6.332731 7.419049 7.497231 7.700840 6.135114 5.736041 1.815794 5.585500 2.068091 1.955174 2.167190 2.023842 2.745261 1.933366 6.845765 8.793339 0.668720 0.599290
1.999195 2.252553 2.193302 2.148008 2.111239 6.334726 5.804476 5.289878 1.739151 1.890009 1.920880 1.992653 2.359974 2.404383 2.453286 2.208430 2.355392 6.717174 30.563555 30.104332 29.114902 26.645956 0.000000 27.451145 27.374947 27.435381 27.774969 27.910210 9.247848 27.931389 13.551264 25.965834 7.786877 8.292151 6.569114 5.701700 1.809010 1.829398 0.543126 0.549174 0.549410 63.622982 1.318277 0.834087 7.650290 6.091664 7.391260 7.939441 7.549407 5.830443 1.768474 5.395142 2.049861 2.413198 2.409755 6.960182 6.960182 6.981021 5.915058 2.047509 0.590961 0.598188
2.079365 2.438033 2.347566 2.078511 2.252825 5.747994 5.243690 1.735584 1.931305 5.414461 5.496277 2.346496 2.159362 2.409627 2.506772 2.614711 0.702233 30.347065 30.092257 29.716782 46.154369 25.402359 0.000000 27.063484 27.218199 27.404644 27.808077 27.998880 2.120932 28.632689 8.368387 8.039040 6.419928 8.568937 1.968063 5.699773 1.637749 1.966904 0.492684 0.548182 0.603954 0.961182 63.683784 6.392668 7.554058 9.206090 7.679480 7.157302 7.157302 7.469819 6.989395 5.049168 5.229815 2.028714 2.122781 2.123394 5.782272 5.694377 5.817890 0.670147 0.674372 0.603208
2.269188 6.516600 6.348615 2.265766 2.065670 5.770557 1.887803 1.771556 5.980328 5.434166 5.425919 5.924818 6.509499 2.456081 2.621489 30.659376 0.618306 2.752989 29.447588 28.141069 26.511042 25.062605 0.000000 26.731781 26.566368 27.078491 27.679873 27.949955 9.927426 8.299795 7.028990 6.947739 8.724953 8.691777 6.663597 6.580950 5.534919 5.595032 0.519149 0.544354 0.544354 0.549410 0.677985 0.962277 0.696722 1.994249 6.636620 8.160203 6.882593 7.192767 1.917585 6.172804 5.437497 2.015145 5.937800 2.093276 5.594687 6.733489 0.770181 0.960531 0.962366 0.786676
1.968389 2.131833 2.345606 2.177586 2.021096 2.015397 2.369414 5.561637 6.429106 1.873220 1.767837 5.411400 2.373926 6.855360 2.576081 30.077120 20.495090 5.368627 4.789010 27.239052 26.655151 25.808754 26.087286 26.139723 26.479227 26.879116 13.294723 9.861434 6.240810 8.860676 5.979294 5.979294 8.882276 8.988368 6.959353 6.389077 5.062660 6.466567 6.518528 1.572045 0.538517 0.549180 0.677985 0.961345 5.985853 1.870846 2.533194 2.524962 6.485476 2.106008 5.459892 6.288700 1.944978 2.007877 5.850193 2.047408 8.637955 0.000000 0.957448 0.604806 1.317844 63.686871
2.186610 2.183569 2.062993 2.204053 2.398216 2.570838 6.790492 2.170514 1.792283 5.600228 5.660950 2.078389 2.000346 2.046749 30.400473 29.085184 27.808077 27.292215 27.292215 27.604769 27.266420 26.199133 26.139723 0.000000 26.464779 26.964628 8.923871 9.927157 8.353952 2.001783 7.162600 5.847076 6.970242 7.392614 5.976484 5.437064 8.033291 8.197650 5.032452 1.788699 0.573115 0.506124 0.785731 0.961182 2.119098 2.227136 2.527167 2.416909 6.243680 5.963361 2.003133 1.883158 5.338756 1.943874 0.589823 0.667363 0.953595 0.000000 0.961092 0.605528 0.684401 6.047106
2.358587 2.285573 2.207448 2.367447 2.212075 2.012312 2.022031 1.840737 1.724520 2.119730 2.146194 2.187891 2.030147 50.044006 30.026270 29.222721 27.803965 26.923080 27.388229 27.800333 27.913078 27.139297 26.067814 26.922583 27.523006 27.663816 28.233397 6.160308 6.826089 5.926392 5.949547 6.890869 5.838997 6.508692 6.392105 5.944565 5.450671 8.203962 4.671536 5.981439 0.730515 0.601034 0.603954 0.603954 2.118100 2.227136 2.170458 1.983612 1.980740 1.768982 2.048691 5.434974 5.135974 0.628934 0.955453 0.603676 0.677985 0.961182 0.678351 0.619120 0.623615 6.095332
2.176487 2.274404 2.392968 2.032492 0.687208 0.649827 0.649827 0.613047 1.805216 1.704227 2.095959 1.914119 2.163121 30.223141 30.040730 1.489901 27.292028 27.022163 26.996185 27.741880 27.438164 26.462543 0.000000 28.121790 28.342398 28.263788 9.962531 6.469531 5.828593 7.093943 5.944839 5.818004 2.102242 6.374430 6.775246 2.156516 5.815300 5.390016 4.855352 7.592538 6.366442 0.779954 0.785731 0.677985 5.968345 2.224201 1.992230 2.068202 2.153146 1.747616 1.982671 6.408494 6.523755 1.301064 1.314516 0.785731 0.785731 0.962528 0.611934 2.118134 2.068954 1.989923
5.812920 1.991630 2.293012 2.261084 2.260453 2.211363 0.568001 0.585837 1.754333 1.975280 1.780268 1.824598 1.922173 49.702747 1.732000 1.947125 27.022163 26.454813 26.621384 27.646662 27.339605 0.000000 27.435381 14.110872 28.853157 29.022184 10.675725 6.796548 5.921534 7.102661 2.088794 2.067910 5.958289 6.354522 6.936159 1.834801 1.726965 1.912352 4.919272 4.405406 8.088434 0.951724 0.961182 0.785731 8.988368 1.998170 2.057837 1.887991 2.107562 2.033295 5.404296 6.275658 0.948485 0.959717 0.785731 0.961182 63.682892 1.337036 2.079093 2.079093 2.135980 2.077326
1.812034 5.121943 2.161270 6.252936 2.246797 2.163929 2.105454 29.783331 1.715369 1.872356 1.546090 4.425272 1.849931 5.982106 5.400185 27.855379 26.425463 26.158094 27.078491 27.808077 27.604769 27.499987 28.206505 8.291723 2.487065 5.530980 2.067152 5.856030 2.064237 2.095492 2.067512 5.952929 5.955798 6.219303 7.012106 2.202485 5.890497 1.785745 4.877954 4.473711 8.186154 63.458607 0.785731 0.549410 1.916718 2.163054 1.803201 1.982867 2.050300 5.633103 5.633103 6.589069 63.453453 0.603561 0.678253 0.961434 63.672497 0.000000 9.668819 2.427785 2.247334 1.879168
2.045588 1.847496 1.915659 1.855991 2.062666 2.189251 1.911993 29.827126 1.641667 29.122728 1.457563 1.159596 4.881093 2.719337 6.289540 27.499987 26.370592 26.922583 8.837376 0.000000 6.869332 7.246904 7.883314 1.824696 2.003096 5.734049 7.087950 7.094064 1.966536 1.974519 1.885198 7.123352 5.941369 2.165717 2.521008 6.293967 2.087159 5.120376 8.030268 7.922288 29.473810 1.306637 1.306637 0.677785 0.603954 8.991467 2.128006 2.164492 1.925785 1.841240 5.717381 8.729101 0.677936 0.605269 0.680456 0.000000 1.339326 7.692780 8.135921 2.401644 1.984980 1.973695
2.045588 1.720056 1.742612 1.834098 1.913907 2.017163 1.924619 2.029455 1.540515 28.557888 3.212505 1.100583 1.505886 5.098211 6.289540 27.808077 27.410015 6.527014 1.778489 6.522432 7.328088 7.943843 8.382977 2.106055 1.880868 5.719496 5.922024 8.969215 5.578103 1.836192 5.897341 5.978221 5.915635 1.929925 1.929925 6.568807 6.505620 2.108021 1.908954 6.297818 8.065936 1.267357 1.305615 0.603603 0.677985 5.967854 30.685720 8.985959 2.097999 1.865068 0.661885 0.597390 0.000000 63.733376 0.000000 64.218903 7.693465 2.077678 2.172562 2.301224 2.140660 2.155328
1.909983 1.484595 1.695379 5.169984 2.099026 1.897698 1.937853 1.847191 28.052317 26.995613 27.307213 3.903350 4.359569 1.555385 28.763941 28.543188 7.542523 7.025871 6.396002 6.889938 2.416822 8.480005 1.990039 2.157157 2.125830 2.125830 5.720808 5.827407 7.099646 6.940989 5.925558 6.951662 1.890099 2.060525 5.937706 7.445107 6.508692 2.251257 5.793643 8.374640 8.108349 8.634938 0.776614 0.784169 0.677674 1.313133 63.579231 63.557461 0.957284 63.537071 1.311870 0.786012 63.978504 63.938244 64.028091 9.508801 2.218408 2.019261 1.961964 2.003031 1.935550 1.789747
1.810848 1.445523 1.800871 5.127925 2.170156 6.315856 2.147779 29.705835 25.821831 24.914356 26.585377 27.467159 27.544189 28.030148 28.597107 2.537111 2.427860 2.427860 7.506967 6.742915 7.627837 2.539464 2.645354 2.351051 6.134157 2.224966 5.829822 5.434974 7.039166 7.124291 2.186201 7.024828 1.919926 1.948701 30.165455 9.096107 7.664071 7.717464 9.074178 8.729315 8.263317 8.637955 2.063460 5.940599 0.782887 0.957503 0.958376 63.581135 63.601631 0.000000 1.315244 0.789222 31.913321 9.227313 7.218468 2.090819 2.326295 1.877233 1.851984 1.812926 1.961692 2.174461
1.726466 1.465983 1.669985 1.767093 2.188747 30.482914 30.068464 28.823952 24.318069 24.318069 0.000000 26.762169 27.604769 27.681339 6.893587 7.859607 2.598257 8.395994 8.155860 7.475100 2.258002 2.150640 2.271615 5.915445 2.221636 7.659491 8.874550 4.900219 5.808369 6.197972 2.396791 7.104237 5.324801 6.262552 5.667103 5.875399 2.303021 7.647781 7.461312 8.801488 29.608288 5.591827 1.805302 1.881301 0.598448 63.588215 1.314414 0.960768 0.960768 0.785372 0.788292 31.151482 6.896160 2.181104 1.909095 1.841685 2.175143 1.934546 2.205357 2.182618 2.053482 2.277664
29.508448 28.957125 1.487306 1.429473 4.809324 2.396528 30.480595 29.781595 27.108330 0.000000 0.000000 26.839705 9.238695 7.417204 7.301159 8.102502 8.405293 8.666851 8.530200 8.048122 7.779260 2.469312 2.694152 5.961492 6.462112 6.583500 7.002758 4.854092 2.002618 6.212183 2.469671 2.218591 5.719496 6.344354 6.373815 1.820258 2.136374 2.035523 6.101213 1.955171 6.576974 1.922991 1.983289 0.659627 0.669756 0.000000 63.624245 0.786082 0.787030 0.792390 0.699990 7.718077 2.195747 2.131502 2.043564 2.129341 1.980312 2.278230 6.284027 2.210175 6.465871 6.465871
29.645460 28.741493 1.317219 1.090585 4.566464 5.575842 30.370325 29.415594 27.842134 26.127365 26.066536 5.909903 7.073813 7.749070 7.827374 2.071965 2.522046 8.739765 2.697377 8.424788 8.028332 2.368384 8.690739 2.161143 8.021184 7.735224 5.913675 8.021654 5.347630 5.973050 7.394842 9.485279 7.022568 1.831067 1.642501 5.512303 2.115030 2.141990 2.085816 5.633103 6.842605 2.012160 0.652214 0.773711 0.000000 63.622982 63.651875 63.686604 1.332754 7.479470 7.859908 2.371800 6.244116 6.244116 5.901238 5.609907 2.117923 2.079396 2.236701 6.709510 7.423405 7.355248
29.759087 28.399055 28.032413 2.843720 1.139493 2.154801 30.058788 29.303135 28.469830 27.965715 6.311049 6.343731 6.946298 7.994939 2.459270 2.088743 8.364246 2.013532 2.727534 8.712118 2.120034 2.312397 8.684812 2.283699 10.039497 7.700831 5.966605 5.251707 4.902319 2.049385 7.077922 9.360088 6.003517 8.317426 8.025352 6.782499 5.958989 2.141990 5.895436 5.873943 0.596157 0.541507 0.672724 63.599422 63.599422 1.315914 0.789973 0.968928 1.331587 6.214199 2.156529 2.432866 2.009939 2.128460 2.093615 1.821432 2.119464 2.249092 7.466915 8.054401 2.250709 1.969930
29.590424 27.792637 27.716488 27.180336 2.560961 5.748222 29.656834 29.303135 6.371200 7.964642 2.315054 6.920896 6.767180 7.904059 2.156959 1.909057 2.209188 2.279765 2.334158 2.092507 2.201144 1.961464 5.819520 7.738611 6.492604 2.232899 6.016984 6.723366 5.809382 5.289879 5.764627 7.185297 6.082673 1.988870 6.553006 5.765887 5.765887 1.912271 2.105850 7.068388 7.062591 0.546222 0.545975 0.603555 63.628471 1.322507 0.688194 7.218468 7.267929 2.205807 1.782499 1.797067 1.661997 2.117775 5.950471 2.109776 7.156673 6.512941 2.538336 2.458788 7.342358 2.189251
28.916145 27.374947 27.473045 27.063484 3.503087 4.167217 5.498660 29.433544 5.670623 6.600012 1.915001 1.970523 7.003289 7.600544 2.117652 1.775104 1.727395 1.979313 2.044538 2.135072 1.956794 1.787130 5.965738 2.495939 7.145377 2.071072 7.292134 7.292134 5.793211 6.172804 8.044406 6.650964 2.103366 2.154159 5.875399 5.655667 2.048571 1.898680 8.942009 63.517982 7.073809 2.108968 0.548338 0.786132 0.000000 9.057648 2.160792 2.176502 6.238385 2.031596 1.824997 1.808183 0.513942 0.552016 0.508837 0.683995 6.172318 6.289060 2.321132 6.420434 2.212771 7.362991
27.987764 27.568790 27.374947 27.195562 27.266819 5.359228 2.101264 5.123761 1.954430 2.060458 2.111712 1.865961 2.009603 1.908611 2.335452 2.213631 8.196518 2.152246 2.035497 2.035497 2.111130 6.765116 1.925373 2.203883 6.877608 7.025823 1.962030 6.117537 5.926206 1.884579 8.378054 6.714146 2.082749 2.117038 1.894382 2.003096 5.742452 5.895436 8.946609 5.943215 2.112757 2.115543 0.678288 30.107996 0.000000 0.617368 0.621246 0.647307 0.671988 0.711056 0.633594 0.614310 0.526979 0.519230 0.513511 0.519397 2.233839 1.876229 2.203305 6.222675 6.219303 6.235399
27.975216 27.759146 27.435381 27.569746 28.233524 2.167562 2.479368 1.917791 1.810308 1.966826 2.043888 2.043888 5.571916 2.009800 1.844529 6.684549 59.883984 7.880189 2.143057 5.725205 5.878675 6.825533 5.811297 2.274500 2.502379 2.014857 1.837311 5.962665 8.965977 8.515002 5.528456 5.747083 5.771404 5.869064 1.867859 2.024269 6.957419 30.557566 1.908729 1.913256 1.917220 8.991286 0.000000 0.000000 1.328788 2.025126 2.409627 2.712925 2.830309 2.643568 6.114286 2.151438 6.139475 1.980865 1.570584 0.483233 0.521373 0.524731 1.962644 6.107500 2.264749 6.249525
