code/FB/TestMTT/SampleData/Outputs/testMTT_SPREADRATE.asc
NCOLS 84
NROWS 94
XLLCORNER -2098.000000
YLLCORNER 3210.000000
CELLSIZE 30.000000
NODATA_VALUE -1
[rows 28 to 55 of 94, columns 0 to 61 of 84]
28.065634 27.998894 27.998894 7.064422 5.405283 5.090438 2.380750 1.821161 1.548516 1.695234 2.078511 2.412132 2.181671 2.363824 1.780687 7.555118 1.870085 4.721729 5.151265 5.589735 5.653275 1.980020 7.039166 7.478803 2.500006 2.060335 6.395622 6.961900 8.976281 8.588665 6.723582 8.718127 6.820696 5.777378 2.073822 5.877768 7.035114 8.964177 0.604282 2.120845 7.115643 0.000000 0.000000 30.938139 0.692035 2.475266 2.424790 3.213851 7.907990 6.707368 7.013475 5.875922 6.092331 1.977783 1.926768 1.920705 0.552125 0.552687 0.556432 1.994249 2.078511 6.209616
0.000000 0.000000 28.600269 7.949353 6.302185 2.536789 1.675816 1.659725 1.537989 1.592656 5.556013 2.744884 2.177665 2.336230 1.747125 1.584365 28.974350 5.823689 4.984087 1.847363 1.896001 1.907588 2.087467 2.133791 6.360867 6.027603 6.688972 8.793339 5.961026 1.995448 6.655900 6.872920 6.936825 5.864896 0.595939 0.673311 0.958376 0.677493 0.788863 0.000000 0.000000 0.000000 1.328925 0.622957 1.897844 2.486199 8.131108 9.050666 2.455497 2.077026 5.804957 5.808445 1.955062 1.951205 1.900638 1.900638 1.732729 0.543308 0.506520 0.549746 0.508861 0.693346
10.466633 29.323025 29.147066 62.231606 8.540946 1.780257 4.800867 4.656091 1.709251 1.718568 2.096290 2.411491 2.207612 1.814902 1.873318 29.093975 29.196613 6.847320 5.389739 1.848588 1.824736 1.794380 1.651191 1.890099 1.943020 1.977389 5.780513 6.817902 2.074102 2.001779 1.993214 0.665378 0.957122 0.956024 0.600473 0.602493 0.603276 0.550090 0.000000 0.000000 0.000000 0.692154 6.119610 6.273302 2.477265 7.466915 7.466915 2.727469 7.332826 6.783636 2.207888 1.730540 1.920719 2.154353 1.941532 1.900504 1.723235 2.077806 0.599045 0.549891 0.512573 0.559464
1.561163 6.601037 8.341524 12.693939 9.064531 8.926104 1.859202 1.943278 1.708412 2.315267 2.196065 2.119823 2.207612 2.278517 29.290928 28.881905 2.160236 5.313532 6.743875 6.559882 5.184505 5.134248 1.690918 1.749014 1.742421 1.806721 1.861384 1.925373 2.017256 2.014701 0.781114 0.960173 63.611137 63.610676 63.619236 63.620495 63.627048 63.685688 0.000000 18.446594 63.932026 0.797841 2.165971 6.123692 2.364371 7.318379 7.054150 2.549103 6.924349 2.449512 2.206450 2.113087 2.130987 2.146614 1.936274 2.091900 2.068316 2.076012 1.896379 0.549411 2.169612 0.571399
5.168573 36.013508 8.008125 8.836653 9.191383 9.214900 8.864462 1.977461 2.221478 1.974727 2.107519 2.056853 2.206462 5.753316 29.181517 28.881905 7.941922 8.378507 8.519796 8.261425 8.422575 29.638615 5.404296 1.841241 1.670947 1.764085 2.082582 1.955545 0.587210 0.671686 0.960782 0.000000 0.000000 0.000000 0.961182 63.622982 0.000000 0.000000 64.309250 31.361559 9.211993 1.972457 2.140660 2.168879 2.239086 2.761814 6.855360 6.729663 2.450403 2.294189 2.052104 2.139876 6.054561 1.945322 1.928507 2.091900 1.885229 1.617355 1.626483 1.770646 1.840737 1.970239
10.259607 7.765504 7.450977 2.093544 2.121915 2.461697 2.319274 2.270430 2.287435 2.250772 2.100055 2.191692 2.191213 2.054356 1.761602 2.082456 7.918408 8.530785 8.638090 8.339016 8.568937 8.568937 8.734440 5.671232 5.327942 2.002121 1.749824 1.733558 0.942680 0.957636 0.000000 0.000000 63.622475 63.630039 63.642841 0.965249 63.864937 64.133812 2.343565 1.968389 1.943940 1.716624 5.965136 6.013799 2.231834 2.383844 2.293025 2.434129 2.509808 2.629782 2.112553 1.851320 6.211288 6.029909 5.936751 2.099755 1.894110 1.642071 1.774425 1.811214 1.674029 1.909466
5.110545 1.565338 26.042700 8.115561 2.358736 2.079377 2.307496 2.727534 8.868483 2.724115 2.316099 7.122072 2.197970 2.197970 5.891108 5.334641 6.145614 8.052135 8.526291 5.669529 8.564363 8.821009 2.095890 2.053048 1.708797 2.026881 0.501484 0.541964 0.955791 0.000000 30.069994 63.620255 63.630142 63.735207 63.770996 0.499798 2.146087 6.538027 2.100449 6.399212 6.320556 6.072737 5.828597 1.919337 2.115132 1.940003 1.997803 2.441459 2.622751 8.480902 7.161515 2.431148 6.433972 6.073753 5.970983 2.101113 2.099755 5.933927 1.960577 1.731433 2.048519 2.048546
1.971488 5.151265 9.454708 8.226028 2.284245 2.284245 2.035917 2.736205 2.305105 8.860442 12.744564 8.678986 5.920676 30.266705 5.901644 6.572207 8.348773 8.035033 8.142410 5.463758 5.712070 2.107519 2.137548 5.771289 5.588424 5.765887 0.539646 0.674891 63.602390 0.000000 0.000000 0.000000 0.000000 0.000000 0.629754 0.543241 2.151129 2.352086 2.267843 6.208677 6.139360 5.975622 5.735115 5.870615 1.797799 1.951821 2.007758 2.434681 2.384243 7.713007 10.581990 7.017436 2.466380 6.169406 6.044679 5.965621 2.113087 5.945374 2.131065 1.764960 1.994376 2.012141
2.834989 7.662237 2.032346 5.827639 6.292093 5.356187 4.992891 1.939189 2.653471 2.068288 2.087316 5.769933 7.062708 6.154849 30.533182 8.569381 8.365550 7.911658 5.746308 5.274624 1.833575 1.941195 2.144110 2.002386 6.826089 6.960182 0.779520 63.595985 63.617023 0.000000 0.000000 0.000000 0.000000 7.753454 2.068954 0.620427 0.547481 2.325939 1.838452 2.161270 1.802741 5.970492 2.036068 2.047408 2.130355 1.950831 2.168170 2.343701 2.455497 8.863916 8.695594 7.289858 8.295578 6.540884 6.096864 2.152361 1.922173 1.922173 5.923368 1.622253 2.041674 1.647730
9.517193 31.220085 5.965768 4.917947 1.552686 1.629481 1.994409 8.494202 12.720384 2.343050 2.056322 2.074864 2.108272 2.177523 7.088520 6.747612 8.076602 5.655362 4.661262 1.894733 1.882791 6.021574 2.111620 5.856952 0.773857 0.780343 63.597767 0.000000 30.077005 63.622982 63.684204 0.000000 33.145725 7.226449 1.775210 1.736541 0.513627 0.633083 2.078288 2.022091 2.161270 2.110881 2.032346 2.030284 2.117935 1.946252 2.192179 2.320287 6.694033 6.694033 7.093766 8.828906 10.270465 33.667942 8.429172 6.418873 6.070704 5.987595 5.923368 2.077147 5.786491 2.006852
3.270551 31.336266 7.133522 1.612677 1.937407 7.824687 8.343875 62.903374 5.583275 6.053457 16.952894 1.924917 1.849366 2.130053 8.977247 6.692846 5.632740 4.473483 1.719721 1.814858 1.910232 9.009009 7.070771 8.935545 0.780740 0.959954 0.000000 18.344002 0.000000 0.000000 0.000000 65.045021 8.936512 2.287199 1.941523 5.662560 0.600117 0.599507 1.963249 2.209032 2.209032 1.986268 1.904908 2.011322 1.826432 1.636291 1.965460 7.356246 6.577210 7.880289 6.900219 8.324375 10.270465 8.066916 7.249648 6.717174 7.254664 6.013519 5.937696 2.077147 2.048519 2.005805
10.280672 31.243778 11.519808 5.688603 1.735174 2.131371 8.669108 6.098704 6.113027 29.648369 29.340786 29.238668 1.964246 1.813864 6.794102 6.030721 28.763952 6.249925 6.718812 1.881518 7.095685 63.610447 30.604033 0.783822 0.960173 0.000000 63.618706 0.000000 63.630199 0.000000 64.217461 8.187379 8.187379 2.872112 2.400775 2.122050 5.674976 6.866314 0.673599 0.643748 2.025682 2.062075 1.911561 1.836279 1.688454 2.178053 2.258988 2.246759 7.745137 8.307287 8.462446 2.739908 7.012717 7.412832 7.750401 6.732077 7.577438 6.155436 2.134638 5.906522 2.065189 2.021326
3.371790 66.203178 64.326851 7.031801 1.956794 2.686319 6.962874 5.529107 29.704681 29.272280 29.323025 29.070120 27.976393 1.570134 28.247755 28.462763 5.561400 5.644535 6.976096 2.104507 7.095582 63.604778 63.579231 0.961154 0.961154 0.000000 0.000000 63.622982 63.629150 0.000000 0.000000 6.598427 2.087317 2.404681 6.288745 1.945977 2.081936 1.980485 5.752739 0.614198 1.709735 2.069182 1.930549 2.111387 2.108604 7.403690 6.480453 6.269990 6.679521 8.621109 7.843428 7.490998 6.211288 2.220292 9.388042 9.697999 66.083153 66.005913 9.247123 2.139053 29.959990 2.036935
3.326506 30.931084 30.242371 6.977499 7.368567 2.107324 2.363618 2.360353 29.511675 29.192476 29.326452 28.909662 27.410015 7.727826 5.743358 5.743358 1.430030 0.482405 0.537978 63.557461 63.612888 63.627594 0.000000 63.628712 0.000000 63.630215 63.629013 0.786092 63.648922 63.722034 2.348285 2.065689 2.110712 6.605075 2.262030 1.828215 1.943177 5.752739 1.805294 0.533422 0.475006 0.567048 2.001174 2.157496 2.130442 2.063670 7.306357 7.178322 7.369995 9.584846 6.348615 2.212052 6.050198 6.097799 9.310493 65.304207 67.243835 10.948157 6.807089 7.440828 30.076889 29.876289
2.646124 30.393269 30.047392 29.911774 30.002432 2.803071 2.397398 2.397398 1.850787 29.236256 28.861017 28.581303 27.872187 27.403179 57.986877 5.117679 0.572498 0.666120 0.505799 0.604372 63.641308 63.643574 63.628124 0.000000 0.000000 0.962297 0.962171 63.669380 0.000000 1.332285 1.954562 2.713445 2.468734 7.513151 6.269745 2.029715 1.980740 1.739564 2.021250 5.683967 0.465353 0.512982 0.520266 0.490467 1.832527 0.503165 2.265766 5.997166 2.123113 6.070704 7.279732 7.233377 6.028131 7.587880 7.806703 10.346192 10.672625 8.570643 9.964736 30.275984 30.190516 30.025194
2.450473 30.453382 49.763126 29.888996 29.935438 2.119166 1.956786 1.958037 29.500555 28.218885 27.173893 0.000000 0.000000 26.791893 27.372375 6.804782 0.929822 0.960816 0.961580 0.962782 0.964740 63.650509 23.008093 63.694981 63.686703 0.964323 0.789445 0.688717 0.630100 1.818796 2.561855 7.037200 6.583500 6.354522 2.250709 2.274826 2.235589 2.128971 2.047334 2.013553 1.872977 1.948831 1.611910 0.468789 0.483590 0.563683 0.525040 1.969930 2.129404 7.134673 9.175366 7.424496 7.457246 6.172318 6.352090 6.664569 7.897533 6.829648 10.022423 10.022423 31.491480 30.721840
6.726498 30.197735 0.753149 29.705938 2.073421 1.948859 1.982801 1.944528 28.807264 26.970226 0.000000 0.000000 0.000000 0.000000 7.150136 7.902082 63.594734 0.961465 0.787257 0.967107 0.609480 0.966263 0.000000 1.950831 6.055051 1.937490 1.929802 1.622634 2.021281 2.468489 2.444376 6.655985 6.691503 2.338571 1.965075 6.522411 2.296693 2.159604 2.063864 1.843950 2.069127 1.927310 1.832166 2.033340 1.846372 2.191213 0.625174 0.524569 0.479684 0.610385 2.291137 2.291137 6.517679 2.201172 6.164574 6.252936 9.428473 9.452234 6.811934 2.727057 32.497879 31.364477
5.672786 2.191175 29.422361 1.952518 1.917026 1.982801 1.957469 1.849887 27.855379 0.000000 0.000000 0.000000 26.995651 7.600544 0.730600 63.378242 63.617249 0.679375 0.610040 0.558629 1.945909 6.053832 6.046975 1.784609 2.062339 1.963263 2.117775 2.004448 2.142897 6.766907 2.400775 6.531050 2.230150 2.122459 2.067956 1.957770 2.288778 1.800816 1.719079 1.735207 1.907374 2.144650 2.215179 2.215179 6.275410 6.452184 2.255424 2.191203 1.822960 0.516971 0.451043 0.483851 1.929525 2.198771 7.331711 6.178152 6.282552 7.905381 8.787763 9.549124 31.884167 30.919088
2.586431 2.613702 2.266780 29.682169 2.229813 2.025055 2.089620 29.358828 27.078491 0.000000 0.000000 26.900333 5.512363 0.753797 0.786769 0.960801 63.622601 5.996559 0.687622 0.562921 1.684368 1.817423 2.018894 1.902438 2.350650 1.845102 5.869894 1.973695 2.241440 2.541274 2.404681 6.664569 2.463937 2.172562 2.172562 2.213874 2.273059 2.202463 1.917747 1.911893 2.148765 1.736445 2.027980 2.299391 6.524802 2.366416 1.941080 1.709499 30.104557 30.130814 0.484063 0.491873 0.498578 0.635618 0.636720 0.623736 2.084169 2.919132 3.094967 8.362358 31.895601 31.231628
3.320535 9.462934 8.635496 29.855644 30.676081 30.218538 29.611603 28.576303 26.658760 26.655151 27.096643 9.605075 0.910466 63.642410 1.319497 63.612743 63.679783 6.082425 0.531633 0.566544 1.602867 1.866145 2.297796 2.001351 6.315856 2.156391 2.156391 5.735441 7.100778 2.091630 2.299035 2.869359 6.812434 2.434505 2.077819 2.312870 6.137104 2.144314 1.931641 1.953199 6.129214 2.237113 2.238658 2.127546 2.373433 30.351290 0.593232 24.575665 29.941952 30.116915 0.632027 2.081922 0.472123 0.513529 0.517056 0.514481 0.521353 1.904690 2.385112 3.579338 7.434253 29.270844
7.907848 3.146488 8.721311 3.609038 31.167791 30.061800 28.828619 27.201246 27.679873 13.247033 13.605751 0.000000 0.000000 0.963461 0.681424 63.646530 63.875271 9.453380 9.453380 2.098508 0.568313 0.523870 2.029715 2.091444 2.364844 2.286280 2.151456 2.013553 5.753856 6.106490 2.589708 2.565966 6.790751 2.404166 6.358534 2.207680 2.163466 2.140660 6.057283 1.983358 2.210248 2.025525 2.001485 2.027167 6.281712 30.260136 30.165861 29.968534 29.832575 30.114376 30.289778 0.639576 0.542778 1.692052 1.786677 1.893128 0.573436 0.522469 0.499473 0.633918 0.522438 2.501053
6.492407 2.929604 2.806116 9.423266 31.104599 29.681313 27.339605 26.702169 6.132900 6.132900 6.120321 8.287754 0.771771 63.623867 0.606646 0.680066 63.731243 0.000000 10.200825 1.920481 1.956786 0.560266 1.874941 2.399883 6.510029 2.291535 2.198291 2.077147 6.657239 5.997056 2.652217 2.601842 6.854685 6.546220 7.548689 2.224201 1.967677 6.030084 6.087105 2.205154 2.242730 2.217525 6.063154 2.176438 30.248365 30.257566 30.190050 30.048820 29.832575 30.155609 30.406858 30.482914 30.265265 1.623155 1.944626 2.280973 2.416377 2.185595 1.983916 0.519044 0.514563 2.451019
1.927560 2.108664 2.118804 2.424359 3.029179 2.706489 29.089041 27.311321 8.304517 5.579742 5.610265 0.654909 0.676625 0.678313 0.679316 0.786867 0.000000 8.318776 2.588248 2.087446 2.091264 0.606935 2.028228 2.016291 2.308894 2.287772 6.211288 5.983149 6.614936 2.033392 2.361728 8.164273 6.614347 2.370069 6.505702 6.404142 6.208097 7.214667 6.149593 2.214759 2.236971 6.197972 6.069448 30.153427 30.239103 2.255221 9.152729 7.130499 6.926227 2.706490 30.603559 30.586790 0.551470 2.107982 1.839473 2.672424 7.256766 2.518206 1.947584 0.531810 0.540834 2.755030
2.306798 2.343644 2.360852 2.423640 2.288778 1.962906 1.471171 5.632740 6.908908 0.589579 0.953151 63.569908 0.785913 0.508845 0.679573 63.651348 31.752123 2.952015 2.729209 2.146565 1.585342 0.507176 0.566609 2.020420 2.252568 6.209727 6.167383 6.024751 1.752726 1.576830 6.202788 8.286453 6.664569 6.512941 6.606323 6.506537 6.349518 7.362365 6.378810 2.256280 1.935509 6.238924 2.184350 2.163199 2.496720 6.511341 6.210026 5.955230 5.875081 2.332809 6.494318 5.868321 5.620255 7.117155 1.855838 2.269326 7.827634 7.827634 2.521008 2.068684 29.266756 0.487105
2.324363 2.324449 6.960182 12.928755 9.213403 2.026231 6.213844 8.368981 0.952843 63.569908 0.000000 0.000000 0.787300 0.681589 63.684204 0.000000 6.514180 2.657175 2.340131 1.912660 1.854750 0.552060 0.555277 2.090135 6.227290 2.206233 6.162858 1.955749 1.629823 1.721470 7.469916 7.318379 2.503781 8.004538 6.936159 6.757298 6.583500 7.632559 2.398829 2.334531 1.977959 2.263297 6.096341 6.254103 6.483180 6.430257 6.392105 6.166526 7.048995 5.993585 2.363518 1.991775 2.239379 8.937532 5.735441 7.487951 8.961279 8.015716 2.539854 30.109749 2.517785 0.501943
2.325658 8.729908 2.028385 2.108998 9.031671 5.702959 6.688972 0.943859 63.565613 30.069592 0.000000 0.961536 0.510861 63.688190 1.318388 63.803471 2.079464 2.194397 2.116449 2.105190 0.539899 0.563524 1.927050 1.869262 1.927253 2.008050 2.207007 6.049793 2.002386 1.635845 6.398881 2.465591 6.917039 6.842853 2.490835 2.244158 2.453286 2.453286 2.096681 2.044996 2.337619 2.290919 1.896079 1.838047 2.191213 6.430257 6.391109 2.186310 2.099755 1.805478 2.142110 2.099196 2.230455 2.084040 6.874178 7.582234 7.466915 8.623802 30.814430 30.108276 29.888996 0.585476
29.930754 8.766485 2.733156 2.103010 8.965196 6.981807 8.850933 0.955403 0.959852 63.617928 0.786092 0.551013 0.967609 63.738583 63.686871 6.047295 1.850134 1.942548 2.071071 1.951821 0.601615 0.559226 1.740443 1.838452 1.773380 1.780490 2.032862 6.030084 6.030084 2.017256 1.828124 6.608328 2.458864 7.052494 6.797033 2.419179 6.696913 2.450403 2.247154 2.042202 1.831538 1.937156 1.893362 2.022759 2.034621 2.455789 6.483136 1.982705 2.076012 1.957067 1.979417 2.351478 6.153056 6.786838 6.856955 6.578697 2.758512 2.132171 0.659010 0.619698 30.080484 29.890738
29.806202 8.897314 8.885839 7.038725 7.066551 30.576323 8.926106 0.958153 0.959852 0.961563 0.679527 63.732697 63.795811 63.952106 9.194766 2.023899 1.913573 2.226448 2.367325 6.691503 6.691503 2.134014 0.515122 0.492542 1.847667 1.884625 2.124927 2.234098 1.949176 1.866935 2.098702 2.480099 2.627792 2.650303 2.596428 6.766907 6.723521 2.297400 2.084757 2.030280 2.013722 1.961701 1.983506 2.026710 2.096378 2.620626 2.073955 2.056012 1.911183 1.988394 2.433303 6.631699 6.165088 5.453407 2.091764 2.350547 2.315344 1.984028 0.536208 30.274984 30.182737 5.391034
