code/FB/TestMTT/SampleData/Outputs/testMTT_ELLIPSEDIM_B.asc
NCOLS 84
NROWS 94
XLLCORNER -2098.000000
YLLCORNER 3210.000000
CELLSIZE 30.000000
NODATA_VALUE -1
[rows 0 to 27 of 94, columns 0 to 61 of 84]
1.035474 1.099917 1.158789 1.119909 0.998151 1.078766 1.242933 1.430115 1.168886 1.140366 1.330013 1.258993 1.387229 1.389958 1.391259 3.774629 1.230082 1.231786 1.093702 1.351762 15.453540 1.059904 1.099726 1.104832 1.073283 1.129621 1.133325 1.182079 2.980714 1.240570 1.120799 0.928280 0.791141 0.293811 0.301291 0.301790 0.301911 0.323087 1.127594 0.988660 0.991669 1.129499 1.231886 1.148422 1.113738 3.520960 15.468149 15.421268 15.257597 15.141258 15.056856 14.854652 14.969673 1.223883 1.223883 1.274493 1.456830 1.367499 1.481734 1.320559 1.251265 1.449529
1.080220 1.120466 1.043169 1.012654 1.116882 1.454623 1.474168 3.782974 1.036193 3.125645 1.316568 1.361564 1.387229 1.389958 1.367948 3.436518 1.152826 1.172680 1.250679 15.563598 15.504185 3.268297 2.596241 1.161491 1.085644 1.082821 1.088028 1.123010 2.954936 1.134494 0.915364 0.850923 0.800229 1.040744 0.320263 0.322875 0.301796 0.322720 0.322737 0.351331 0.994485 1.142890 1.140800 1.089051 1.192209 3.550275 3.550275 8.239632 15.299879 15.209144 15.130357 15.101713 15.128827 1.537407 1.367391 1.283172 1.444981 1.365201 1.465363 4.815309 1.232406 1.202512
2.975935 1.068459 1.098670 1.153098 1.328790 1.366103 1.202253 3.156327 3.096053 3.136694 1.157424 1.361564 1.365507 1.366746 3.434406 1.152826 1.230948 1.370239 1.193536 0.373782 3.205085 3.293600 3.142638 0.841633 2.587562 1.028862 1.058130 3.029868 0.845904 0.937190 0.898877 0.774314 0.931885 0.953520 0.340692 0.350287 0.350206 0.301881 0.284659 0.323079 0.526564 0.357048 1.085269 1.077889 1.075387 5.025991 5.189530 16.811680 3.996367 15.199066 15.096683 15.116504 1.351022 1.560256 1.370654 1.408007 1.284992 1.361622 1.481881 1.308218 1.224025 1.389604
1.095954 3.142873 1.144778 1.115157 1.326829 1.311702 1.081119 3.096053 3.146320 1.148574 1.176365 1.360175 1.345680 1.151019 3.402306 1.247716 1.269235 1.391259 1.212543 3.466580 3.368041 3.535963 0.894516 0.633173 0.878756 2.994736 1.067667 1.012700 0.890251 0.890251 0.673288 0.000000 2.918210 0.771242 0.859450 0.987770 0.320634 0.301694 0.301866 0.350484 0.440355 0.330571 1.183933 1.150438 1.235752 4.166861 5.283175 4.175242 3.986868 4.130369 15.032334 15.123919 1.203623 1.364104 1.383480 1.254755 1.242280 1.358606 1.169866 1.154571 3.390647 3.407005
3.241142 3.212527 1.096220 1.179907 1.294054 1.357287 1.213733 3.375690 3.153048 3.423299 3.177652 3.422882 3.396632 3.400470 1.329553 1.367948 3.817678 1.316079 3.543377 4.276124 3.238773 3.238773 2.755545 2.516068 2.169410 2.390322 2.675717 0.907905 0.878756 0.709718 0.000000 0.000000 3.953505 0.865091 0.954660 0.972056 0.296501 0.284026 0.301866 0.350484 0.387239 0.353824 1.280972 1.248789 4.011596 3.658954 1.382817 4.219358 4.924740 1.428493 15.032334 15.096472 1.202824 1.128815 1.277309 1.231989 1.223378 1.567610 1.341878 3.244913 3.958282 3.971398
1.149663 1.253845 1.253845 1.278917 1.363406 1.169840 1.132574 3.382406 1.104547 3.114907 3.353409 1.116131 1.116131 1.132511 1.150072 3.710543 3.764672 1.415393 1.317444 1.263113 15.309696 15.138362 2.011393 2.156175 0.822004 0.849486 0.916293 2.429943 2.310129 13.807240 13.684530 4.747896 3.228842 0.884464 0.968331 1.047293 0.291492 0.299488 0.301866 0.323156 0.696488 0.526147 0.329759 3.465266 3.488554 4.176441 4.246360 5.162310 16.295965 4.815697 1.359792 15.096299 1.355121 1.138667 1.083969 1.221037 1.346004 1.133763 1.206501 3.858990 3.958814 1.225397
1.127411 1.276570 1.372793 1.179907 1.179907 1.338806 1.145380 3.385679 1.092667 1.095154 1.035361 1.112907 3.162866 1.326682 1.106095 1.391259 3.817678 1.415393 1.216328 15.392310 15.186858 2.559989 13.731712 14.158920 14.286858 14.296506 14.338164 1.169733 14.016269 0.000000 14.032115 4.951399 4.240795 2.977930 3.097294 1.162847 1.096030 0.318997 0.323044 0.323156 0.440241 32.331753 0.441469 0.453468 3.540652 4.087983 4.123445 4.213491 3.460459 3.335812 1.111130 3.278193 1.216810 1.137568 1.244088 1.198639 1.552353 1.131671 3.890873 4.855836 0.384295 0.349078
1.139864 1.268042 1.241084 1.220574 1.204051 3.546584 3.331178 3.078982 1.021554 1.095954 1.109375 1.141499 1.324627 1.344551 1.366746 1.241138 1.314667 3.713331 15.439509 15.236241 14.809578 13.688430 0.000000 14.060528 14.026137 14.052826 14.203939 14.265594 5.195186 14.275469 7.303410 14.346702 4.448749 4.661073 3.782178 3.314481 1.087436 1.096217 0.321267 0.323168 0.323156 32.331570 0.697392 0.458974 4.186759 3.447752 4.082712 4.319551 4.143676 3.367033 1.085175 3.192448 1.210371 1.371536 1.371137 3.942151 3.942151 3.947146 3.389465 1.203900 0.345783 0.348584
1.178591 1.361394 1.320504 1.189554 1.278862 3.305337 3.057715 1.020173 1.114644 3.136694 3.174784 1.319006 1.224289 1.346776 1.391259 1.441604 0.392578 15.340570 15.230984 15.077000 23.208954 13.122970 0.000000 13.883899 13.955778 14.039277 14.218323 14.304209 1.267596 14.591535 4.694353 4.547439 3.699701 4.750615 1.164563 3.300425 0.997775 1.173125 0.296801 0.322993 0.350484 0.525682 32.348995 3.567073 4.148496 4.991373 4.201788 3.914674 3.914674 4.110000 3.953418 3.041963 3.127006 1.202525 1.229923 1.230062 3.354058 3.317779 3.356029 0.384540 0.386040 0.350264
1.276570 3.628139 3.554196 1.284857 1.184286 3.315921 1.095931 1.036193 3.413312 3.146320 3.141920 3.386081 3.620177 1.367948 1.444601 15.483780 0.355909 1.561716 14.954871 14.370626 13.634022 12.970628 0.000000 13.731712 13.660546 13.893189 14.159286 14.279651 5.469225 4.634567 3.956751 3.934460 4.808145 4.783247 3.784798 3.766675 3.240794 3.267848 0.311537 0.321823 0.321823 0.323156 0.387247 0.525858 0.394024 1.153219 3.676098 4.417454 3.787581 4.005728 1.153601 3.619435 3.215234 1.196163 3.399181 1.219843 3.273958 3.849746 0.434528 0.525491 0.525949 0.440375
1.131194 1.213682 1.320587 1.235262 1.156903 1.154395 1.331671 3.206880 3.637425 1.090040 1.033799 3.134605 1.330454 3.775847 1.423025 15.226680 19.156424 3.158632 2.872530 13.964244 13.702137 13.312332 13.436100 13.462988 13.618509 13.802255 7.164505 5.443326 3.601663 4.859460 3.408314 3.408314 4.879267 4.915850 3.922329 3.668304 3.009090 3.699827 3.737164 0.970889 0.319637 0.323168 0.387247 0.525682 3.411467 1.086393 1.402747 1.399168 3.610283 1.225057 3.222507 3.669870 1.169385 1.194131 3.369309 1.202343 4.794204 0.000000 0.524543 0.350596 0.697275 32.349892
1.237063 1.231505 1.172628 1.243493 1.339531 1.426118 3.758096 1.233038 1.057859 3.239118 3.265397 1.187399 1.143503 1.164550 15.363193 14.791751 14.218323 13.983399 13.983399 14.126781 13.977632 13.492559 13.462988 0.000000 13.611394 13.835941 5.073288 5.508245 4.674131 1.182941 3.996900 3.360293 3.921706 4.088510 3.409933 3.192408 4.504710 4.576688 2.989012 1.088834 0.338817 0.301713 0.440241 0.525682 1.228792 1.265992 1.400127 1.349867 3.506633 3.407349 1.192822 1.142312 3.173626 1.169055 0.345688 0.383632 0.523420 0.000000 0.525682 0.350698 0.388952 3.426229
1.316079 1.278853 1.243639 1.324245 1.247134 1.149629 1.159108 1.077728 1.034757 1.229135 1.235457 1.249902 1.166336 25.120920 15.205505 14.852888 14.218883 13.822893 14.029243 14.211193 14.263749 13.920270 13.438040 13.822431 14.091118 14.152970 14.410975 3.615150 3.890197 3.397825 3.403409 3.909448 3.357415 3.628509 3.573931 3.407313 3.185908 4.606110 2.828545 3.506519 0.418584 0.349863 0.350484 0.350484 1.229166 1.265992 1.222772 1.136484 1.147584 1.049986 1.210091 3.214419 3.083919 0.368778 0.524145 0.350497 0.387247 0.525682 0.387232 0.355661 0.357497 3.445133
1.225433 1.276232 1.339711 1.160885 0.386232 0.369657 0.369657 0.354185 1.088608 1.031875 1.225653 1.127078 1.242738 15.287714 15.210669 0.935725 13.989155 13.867873 13.855043 14.181452 14.046075 13.614976 0.000000 14.362056 14.461392 14.425232 5.531957 3.749517 3.370939 3.978318 3.407327 3.368388 1.225510 3.562514 3.741324 1.239184 3.362891 3.190720 2.935237 4.343218 3.696439 0.438740 0.440241 0.387247 3.408960 1.264927 1.135379 1.183370 1.238953 1.043040 1.180992 3.720066 3.767156 0.691839 0.696461 0.440241 0.440241 0.525899 0.352861 1.206944 1.185632 1.152355
3.324178 1.139845 1.293612 1.279918 1.279679 1.260291 0.332297 0.344195 1.069863 1.181793 1.081085 1.092685 1.126237 24.949232 1.041913 1.184201 13.867873 13.612844 13.687572 14.140609 14.003777 0.000000 14.052826 7.523912 14.691125 14.767715 5.831116 3.881665 3.401983 3.980323 1.222876 1.216771 3.409704 3.552025 3.814289 1.072187 1.041100 1.155617 2.983256 2.733005 4.574289 0.522883 0.525682 0.440241 4.915850 1.153607 1.170689 1.095154 1.224985 1.197556 3.187477 3.655261 0.521651 0.525451 0.440241 0.525682 32.348736 0.704699 1.188829 1.188829 1.215448 1.189869
1.056230 3.002718 1.240547 3.510148 1.275593 1.242294 1.228143 15.106050 1.053941 1.138874 0.978121 2.679127 1.091475 3.430846 3.161111 14.241559 13.599449 13.479537 13.893189 14.218323 14.126781 14.081161 14.397172 4.638042 1.447781 3.253516 1.216609 3.374157 1.212178 1.225591 1.214733 3.407779 3.409926 3.495149 3.850923 1.257106 3.393285 1.101037 2.968481 2.775307 4.616896 32.275417 0.440241 0.323156 1.127391 1.241061 1.049211 1.150180 1.203333 3.281031 3.281031 3.788859 32.273685 0.350503 0.387236 0.525683 32.345718 0.000000 5.180595 1.355787 1.276690 1.092440
1.200297 1.105749 1.127212 1.081805 1.182208 1.252396 1.126902 15.125524 1.021201 14.813054 0.947933 0.775047 2.900916 1.525674 3.604808 14.081161 13.574170 13.822431 5.008617 0.000000 3.985079 4.162769 4.453463 1.090923 1.189999 3.335252 3.977452 3.980710 1.175939 1.181575 1.120568 3.982855 3.407152 1.242854 1.398861 3.528261 1.222570 3.078559 4.554614 4.507027 14.969673 0.693846 0.693846 0.387255 0.350484 4.914647 1.230074 1.243192 1.128962 1.098388 3.319546 4.832634 0.387249 0.350661 0.387778 0.000000 0.705754 4.207190 4.407030 1.343390 1.149882 1.145177
1.200297 1.055421 1.045456 1.072825 1.106532 1.162577 1.128614 1.202717 0.976201 14.557936 2.075603 0.756380 0.947597 3.002699 3.604808 14.218323 14.041757 3.864456 1.112987 3.844936 4.206720 4.485244 4.677766 1.223449 1.118005 3.331189 3.393223 4.908866 3.275962 1.122646 3.394500 3.410214 3.397860 1.130447 1.130447 3.650263 3.623492 1.223610 1.154571 3.672954 4.566648 0.678304 0.693527 0.350501 0.387247 3.409160 16.252024 4.914938 1.222072 1.109249 0.381558 0.348537 0.000000 32.367371 0.000000 32.575237 4.210450 1.176317 1.223701 1.298155 1.234105 1.238846
1.151068 0.939854 1.029660 3.024426 1.197998 1.099008 1.132053 1.107974 14.328876 13.851195 13.993936 2.479437 2.699591 0.956573 14.637005 14.545475 4.324657 4.105291 3.814121 4.038082 1.414772 4.724401 1.178723 1.241566 1.230615 1.230615 3.331553 3.370651 3.975971 3.932676 3.399749 3.925062 1.121501 1.212976 3.396674 4.108822 3.628509 1.281182 3.352380 4.696360 4.581086 4.799092 0.437596 0.440023 0.387260 0.696025 32.317490 32.308857 0.524494 32.301914 0.695584 0.440279 32.467266 32.451721 32.490452 5.109890 1.250679 1.152826 1.126210 1.155304 1.130691 1.055098
1.109444 0.921317 1.090200 3.005568 1.230029 3.536832 1.237311 15.072480 13.319023 12.916658 13.671578 14.066787 14.102410 14.317765 14.561649 1.448754 1.414950 1.414950 4.324711 3.983306 4.380773 1.473133 1.513827 1.353831 3.465490 1.266302 3.371238 3.214419 3.959644 3.984620 1.249358 3.949534 1.148376 1.170499 16.072193 4.950232 4.209888 4.232195 4.943010 4.838151 4.642933 4.794204 1.213709 3.407115 0.439626 0.524681 0.524913 32.318092 32.325478 0.000000 0.696561 0.441013 16.717846 4.995400 4.011832 1.192329 1.308233 1.088782 1.078257 1.062732 1.139472 1.245608
1.069905 0.937411 1.035182 1.049036 1.240135 15.407401 15.222336 14.678207 12.637382 12.637382 0.000000 13.751060 14.126781 14.163056 4.008616 4.444334 1.474820 4.661001 4.597422 4.313414 1.353328 1.279478 1.326739 3.395249 1.265058 4.193677 4.889298 2.976419 3.361014 3.489358 1.342486 3.979663 3.150950 3.641194 3.309711 3.377052 1.304090 4.195963 4.116704 4.854243 15.881486 3.280108 1.091432 1.119849 0.349052 32.321716 0.696391 0.525615 0.525615 0.440188 0.440801 16.400850 3.793426 1.249518 1.125399 1.074608 1.230948 1.113738 1.257018 1.248208 1.177571 1.288734
14.984398 14.738057 0.955828 0.924171 2.861004 1.347533 15.409556 15.092055 13.906507 0.000000 0.000000 13.783743 5.178410 4.241899 4.208682 4.569802 4.680057 4.773220 4.731704 4.560625 4.446113 1.446116 1.536165 3.406357 3.597878 3.650721 3.956214 2.946661 1.192681 3.496458 1.377461 1.265882 3.331189 3.671397 3.682387 1.095690 1.233869 1.170533 3.454378 1.159504 3.771164 1.155416 1.184112 0.381166 0.384851 0.000000 32.331646 0.440232 0.440428 0.442203 0.395065 4.217469 1.235497 1.232307 1.204413 1.230222 1.130132 1.277892 3.519087 1.259863 3.602217 3.602217
15.045612 14.641208 0.873073 0.752416 2.759986 3.226109 15.357512 14.919510 14.233086 13.456725 13.425212 3.582865 4.107925 4.392477 4.441474 1.236467 1.460042 4.813690 1.523798 4.705470 4.553963 1.402706 4.821507 1.241426 4.354290 4.224441 3.394836 4.531839 3.167458 3.409395 4.087332 5.111240 3.952708 1.120983 1.034101 3.247645 1.229305 1.235108 1.216552 3.281031 3.885279 1.190519 0.377922 0.436469 0.000000 32.331570 32.337963 32.349815 0.702911 4.116581 4.285761 1.319479 3.504292 3.504292 3.387115 3.272979 1.229074 1.180009 1.251230 3.706712 4.089571 4.062025
15.096165 14.485986 14.319354 1.880183 0.781343 1.256834 15.210830 14.865170 14.506929 14.291406 3.781854 3.794232 4.076067 4.522209 1.426902 1.242663 4.677714 1.185544 1.537820 4.813968 1.265433 1.378110 4.819809 1.289961 5.345992 4.210460 3.409034 3.115739 2.953573 1.210257 3.971929 5.057995 3.415361 4.669412 4.552962 3.877663 3.409643 1.235108 3.390647 3.385866 0.348190 0.320807 0.385883 32.326447 32.326447 0.696700 0.441359 0.528026 0.702482 3.490535 1.221817 1.356645 1.159852 1.231506 1.223795 1.096030 1.228896 1.263837 4.059884 4.368398 1.277107 1.143898
15.020777 14.213619 14.178114 13.932395 1.775073 3.393695 15.029231 14.865170 3.640162 4.493130 1.379010 4.049740 3.974627 4.500806 1.277651 1.154603 1.301631 1.324735 1.342496 1.218066 1.299115 1.197393 3.368751 4.225818 3.610224 1.270996 3.422650 3.853384 3.440680 3.147420 3.349457 4.005513 3.447143 1.182964 3.785179 3.349783 3.349783 1.127613 1.227055 3.974767 3.974015 0.322476 0.322426 0.350504 32.331913 0.698969 0.390500 4.011832 4.029715 1.257174 1.038500 1.045577 0.991985 1.227845 3.401726 1.228425 3.990987 3.618469 1.404983 1.369112 4.062389 1.252396
14.716777 14.026137 14.070453 13.883899 2.308699 2.605715 3.188265 14.931266 3.287613 3.754608 1.146550 1.200463 4.066217 4.335064 1.260507 1.083540 1.057762 1.182956 1.201364 1.232971 1.169787 1.101494 3.409098 1.385096 3.986547 1.210517 4.047714 4.047714 3.348177 3.619435 4.559371 3.823933 1.225740 1.240455 3.377052 3.306372 1.210062 1.124381 4.906249 32.295441 3.975489 1.228369 0.323013 0.440231 0.000000 4.930579 1.240409 1.246256 3.502176 1.168050 1.067761 1.061304 0.303883 0.323721 0.302084 0.388840 3.472908 3.520960 1.306153 3.581039 1.261756 4.070028
14.295931 14.111157 14.026137 13.945443 13.974703 3.241663 1.244089 3.015756 1.155528 1.200575 1.224455 1.114667 1.201401 1.140720 1.364338 1.325214 4.620364 1.279982 1.204301 1.204301 1.224729 3.854497 1.159678 1.244457 3.785434 3.964816 1.174550 3.461075 3.387445 1.142769 4.697457 3.850657 1.221763 1.228437 1.118670 1.189999 3.337620 3.390647 4.907125 3.404897 1.228645 1.229275 0.387235 15.236673 0.000000 0.354840 0.356420 0.367486 0.376761 0.397010 0.362322 0.354063 0.309456 0.306207 0.303940 0.305875 1.268432 1.088406 1.256312 3.496389 3.495149 3.501075
14.286279 14.193470 14.052826 14.113797 14.412462 1.308274 1.445122 1.144990 1.083943 1.144231 1.173806 1.173806 3.225631 1.185840 1.114857 3.910005 30.705151 4.470904 1.272997 3.332777 3.386904 3.884519 3.357597 1.278917 1.391918 1.193591 1.123010 3.402185 4.902246 4.742419 3.245213 3.338932 3.351214 3.381007 1.108867 1.196513 3.937038 16.218790 1.125895 1.127005 1.127339 4.914716 0.000000 0.000000 0.701292 1.164484 1.346776 1.488566 1.541705 1.458933 3.458472 1.238787 3.469809 1.149713 0.943936 0.288140 0.306560 0.307996 1.140730 3.451333 1.282562 3.506291
