code/FB/TestMTT/SampleData/Outputs/testMTT_ELLIPSEDIM_A.asc
NCOLS 84
NROWS 94
XLLCORNER -2098.000000
YLLCORNER 3210.000000
CELLSIZE 30.000000
NODATA_VALUE -1
[rows 0 to 27 of 94, columns 0 to 62 of 84]
0.823989 0.850864 0.871441 0.820962 0.727820 0.735154 0.781331 0.841569 0.769592 0.763144 0.828667 0.795395 0.831270 0.831115 0.831041 2.344188 0.789699 0.789580 0.735705 0.826373 3.095272 0.759883 0.838591 0.823585 0.796273 0.809067 0.801520 0.824918 2.101333 0.876210 0.838395 0.729497 0.655919 0.223170 0.222336 0.221208 0.221067 0.230638 0.802876 0.733659 0.732235 0.800406 0.838674 0.785197 0.752779 2.175953 3.065058 3.102859 3.304461 3.458744 3.540016 3.771488 3.698925 0.860618 0.860618 0.823997 0.867896 0.904452 1.022381 0.937800 0.831731 0.873432 0.979327
0.825176 0.819430 0.771048 0.728459 0.743385 0.841360 0.845562 2.201207 0.729951 2.154016 0.827186 0.829209 0.831270 0.831115 0.828711 2.249149 0.760346 0.763729 0.792115 3.017519 3.058070 2.222972 1.973475 0.854869 0.801233 0.796404 0.798483 0.809236 2.098804 0.833973 0.743397 0.699364 0.665525 0.806558 0.233398 0.231011 0.221111 0.230970 0.230764 0.241227 0.729975 0.789329 0.787498 0.750777 0.783837 2.182686 2.182686 3.059599 3.220115 3.419416 3.526253 3.525072 3.529076 1.007542 0.903268 0.824526 0.871217 0.912560 1.022184 2.887233 0.842263 0.793818 0.901386
2.124267 0.758755 0.760671 0.766098 0.807151 0.812442 0.771574 2.161460 2.147060 2.156191 0.763499 0.829209 0.828902 0.828805 2.248850 0.760346 0.789639 0.828530 0.767705 0.234703 2.171105 2.226649 2.241424 0.694554 1.994694 0.784590 0.790811 2.158462 0.677202 0.747770 0.753385 0.660512 0.758887 0.766366 0.245249 0.243129 0.242377 0.221530 0.213245 0.230849 0.292839 0.238883 0.751920 0.751144 0.752227 2.636243 2.581959 6.924918 2.415436 3.452417 3.589639 3.552010 0.926276 0.991628 0.894231 0.874599 0.827145 0.912607 1.022249 0.938646 0.855458 0.887332 0.899258
0.755316 2.158718 0.765682 0.746158 0.807096 0.802830 0.735246 2.147060 2.159424 0.763328 0.767107 0.829317 0.827019 0.760368 2.242479 0.792235 0.795229 0.831041 0.772080 2.255449 2.236110 2.319564 0.758988 0.580646 0.741194 2.217069 0.806835 0.779603 0.725578 0.725578 0.604201 0.000000 2.292769 0.662964 0.714832 0.773133 0.233005 0.222009 0.221218 0.242058 0.272160 0.227982 0.785598 0.787553 0.837608 2.360517 2.567688 2.356982 2.430478 2.611421 3.654150 3.558774 0.872329 0.911039 0.881531 0.826569 0.835366 0.909914 0.874799 0.874038 2.285266 2.245041 0.848845
2.181786 2.175862 0.741629 0.770305 0.802514 0.829539 0.790822 2.240222 2.160795 2.248956 2.165735 2.247203 2.241702 2.242228 0.825358 0.828711 2.189695 0.802889 2.270996 2.473704 2.216263 2.216263 2.089301 1.981532 1.790781 1.909567 2.037454 0.747815 0.741194 0.628673 0.000000 0.000000 2.828015 0.730087 0.775090 0.769186 0.223122 0.214296 0.221218 0.242058 0.255553 0.239406 0.828140 0.834789 2.419464 2.181649 0.831516 2.361676 2.717569 0.974602 3.654150 3.590044 0.873372 0.799481 0.822896 0.838352 0.853339 0.971717 0.931988 2.329802 2.517922 2.483115 2.276502
0.752862 0.798545 0.798545 0.802140 0.832539 0.766847 0.760543 2.241239 0.756766 2.150643 2.234190 0.755741 0.755741 0.757707 0.760379 2.182532 2.185185 0.833938 0.802905 0.795332 3.235507 3.529121 1.695617 1.778233 0.707318 0.726173 0.761054 1.926086 1.952046 4.360126 4.410624 3.252174 2.454474 0.745076 0.785587 0.813411 0.222705 0.223036 0.221218 0.230737 0.320443 0.292929 0.228644 2.206354 2.193201 2.356479 2.353356 2.595135 7.334083 2.886561 0.978580 3.590376 0.927184 0.789743 0.752319 0.860872 0.919233 0.797920 0.868717 2.564848 2.516405 0.856569 2.274210
0.747400 0.802073 0.835388 0.770305 0.770305 0.830924 0.763259 2.241732 0.755804 0.755434 0.727778 0.756024 2.161251 0.825761 0.739497 0.831041 2.189695 0.833938 0.772253 3.137963 3.455438 2.004777 4.364004 4.132396 4.056936 4.047478 4.007200 0.901830 4.216278 0.000000 4.261147 3.299604 2.924111 2.270624 2.297145 0.869098 0.821611 0.232493 0.231277 0.230737 0.272853 8.125026 0.270478 0.265801 2.177155 2.369693 2.370309 2.363503 2.195616 2.316526 0.859008 2.328681 0.869452 0.790931 0.834031 0.869329 0.993335 0.798723 2.531059 2.841507 0.258427 0.243412 2.265887
0.748578 0.798703 0.795603 0.793240 0.791474 2.191405 2.231207 2.142747 0.727032 0.755316 0.756336 0.760469 0.826050 0.827139 0.828805 0.777363 0.802871 2.182138 3.096675 3.329037 3.831483 4.406724 0.000000 4.173343 4.150164 4.126147 4.040797 4.030774 3.239237 4.118179 3.780219 8.414529 2.940334 2.921921 2.556394 2.299165 0.813502 0.814919 0.232359 0.230996 0.230737 8.134984 0.317581 0.264469 2.352173 2.212776 2.391605 2.355125 2.360144 2.295272 0.842820 2.310532 0.871923 0.892216 0.895146 2.536124 2.536124 2.524946 2.260486 0.858867 0.243828 0.243328 0.274329
0.759481 0.832639 0.829657 0.790297 0.828667 2.226619 2.137914 0.727248 0.758489 2.156191 2.165165 0.826842 0.790101 0.826903 0.831041 0.837301 0.241213 3.180611 3.335477 3.602103 3.426720 4.610260 0.000000 4.283784 4.215031 4.138300 4.028018 3.995341 0.936310 3.912363 2.921799 2.911561 2.506316 2.825347 0.842894 2.266042 0.765456 0.863720 0.222980 0.231548 0.242058 0.294418 8.036662 2.176941 2.368364 2.673423 2.357482 2.192538 2.192538 2.367069 2.532263 2.285454 2.314363 0.873769 0.845882 0.845581 2.313729 2.314947 2.280743 0.257484 0.256692 0.242289 8.155680
0.802073 2.194221 2.195594 0.829703 0.790874 2.229113 0.757547 0.729951 2.248780 2.159424 2.157212 2.240243 2.180565 0.828711 0.837216 3.063988 0.240456 1.009860 3.667987 4.019670 4.384963 4.651521 0.000000 4.364004 4.360097 4.213017 4.033348 3.974501 3.158441 2.834135 2.493404 2.529773 2.788250 2.757018 2.456609 2.502629 2.288631 2.293812 0.232268 0.232487 0.232487 0.230737 0.255796 0.293367 0.252236 0.789010 2.178610 2.345720 2.182615 2.426593 0.864275 2.564933 2.323545 0.871806 2.260493 0.851543 2.309106 2.550079 0.275947 0.294754 0.293536 0.272041 8.078870
0.760553 0.793468 0.832229 0.798223 0.768752 0.768568 0.834000 2.175974 2.331264 0.758093 0.727909 2.154317 0.825231 2.183934 0.833618 3.363959 2.993771 2.254041 2.136875 4.150345 4.321786 4.525570 4.494407 4.468780 4.399667 4.296490 3.679836 3.169445 2.449264 2.757574 2.237555 2.237555 2.789730 2.753212 2.482068 2.459210 2.198211 2.455422 2.495013 0.762312 0.232936 0.230989 0.255796 0.294177 2.238445 0.751577 0.830362 0.830577 2.182772 0.851285 2.319024 2.570626 0.875161 0.873927 2.279740 0.855248 2.864753 0.000000 0.296205 0.241444 0.317941 8.031753 2.691650
0.792650 0.780456 0.762281 0.788542 0.819060 0.848701 2.216057 0.800418 0.761360 2.217409 2.218990 0.784855 0.757211 0.760182 3.147635 3.758784 4.028018 4.081808 4.081808 4.061191 4.194635 4.441014 4.468780 0.000000 4.406452 4.331161 3.300167 3.284465 2.880506 0.853665 2.439960 2.259923 2.466967 2.407306 2.245096 2.269408 2.796943 2.796520 2.180229 0.833865 0.244737 0.221916 0.272853 0.294418 0.846928 0.823963 0.830520 0.826575 2.191786 2.253181 0.875337 0.869463 2.320305 0.875410 0.244739 0.258204 0.298187 0.000000 0.294550 0.240937 0.252970 2.206818 2.191854
0.802889 0.787946 0.785043 0.814377 0.788935 0.759104 0.773326 0.761053 0.771324 0.847121 0.834810 0.826095 0.783684 3.140115 3.398507 3.717354 4.074576 4.214911 4.094821 3.989731 3.988229 4.188879 4.411825 4.277636 4.200086 4.193586 4.070129 2.567164 2.552152 2.269699 2.258398 2.528642 2.261354 2.205260 2.197061 2.274232 2.240158 2.873680 2.143934 2.481764 0.279076 0.243551 0.242058 0.242058 0.848909 0.823963 0.772534 0.757530 0.789158 0.765190 0.872392 2.324062 2.301983 0.261371 0.297825 0.242382 0.255796 0.294418 0.255340 0.238919 0.238711 2.201190 0.826814
0.772644 0.795096 0.827649 0.766461 0.241893 0.241088 0.241088 0.241737 0.819446 0.782751 0.863013 0.806765 0.835025 3.260510 3.381197 0.753692 4.183972 4.235874 4.187475 3.970929 4.032300 4.262936 0.000000 4.028324 4.013681 4.053983 3.312009 2.580714 2.307179 2.473841 2.273963 2.312009 0.856279 2.186857 2.187787 0.833109 2.300973 2.311395 2.218843 2.877782 2.555566 0.275801 0.272853 0.255796 2.251789 0.824502 0.744773 0.785720 0.836206 0.769092 0.867158 2.570886 2.567232 0.327850 0.321040 0.272853 0.272853 0.293130 0.239566 0.791280 0.790726 0.791421 0.727772
2.202322 0.757378 0.821360 0.821888 0.821980 0.826885 0.234231 0.245102 0.822236 0.875791 0.824542 0.811301 0.796797 3.118654 0.780582 0.904557 4.235874 4.332298 4.267892 4.003378 4.065569 0.000000 4.126147 3.621156 3.873611 3.851184 3.245251 2.563295 2.285900 2.468599 0.863485 0.869537 2.265125 2.182082 2.189992 0.753646 0.783249 0.873377 2.269430 2.160619 2.927339 0.299167 0.294418 0.272853 2.753212 0.785816 0.763704 0.755434 0.849498 0.857682 2.289825 2.547456 0.299884 0.295825 0.272853 0.294418 8.038083 0.311027 0.787776 0.787776 0.793411 0.792418 0.793936
0.737617 2.127237 0.831393 2.190235 0.826898 0.832985 0.859454 3.571739 0.820534 0.871225 0.796291 2.031336 0.784860 2.293826 2.230461 4.053181 4.344088 4.375802 4.213017 4.028018 4.061191 4.100988 3.951634 2.854699 1.007620 2.323366 0.869894 2.285835 0.862175 0.863334 0.865059 2.266090 2.268509 2.189597 2.196912 0.828562 2.297457 0.862239 2.272838 2.194692 2.927852 8.325082 0.272853 0.230737 0.804969 0.830755 0.729546 0.793403 0.854759 2.287260 2.287260 2.551742 8.331245 0.242517 0.255461 0.294046 8.054667 0.000000 2.586256 0.829654 0.829213 0.757869 0.834408
0.852144 0.820042 0.805580 0.755565 0.788828 0.831107 0.808418 3.555452 0.811061 3.826779 0.799280 0.672744 2.119407 0.950023 2.404853 4.100988 4.366545 4.277636 3.215476 0.000000 2.741923 2.789018 2.836459 0.807241 0.868856 2.317206 2.478894 2.480541 0.870470 0.875989 0.819153 2.449570 2.277374 0.832459 0.834568 2.190405 0.864384 2.304011 2.943396 2.940524 3.698925 0.325434 0.325434 0.256045 0.242058 2.744684 0.840715 0.834689 0.799767 0.809067 2.295427 2.858395 0.255856 0.241118 0.254383 0.000000 0.310881 2.355544 2.347743 0.827261 0.790442 0.790545 0.831629
0.852144 0.819838 0.779070 0.755897 0.756589 0.788160 0.800090 0.873514 0.796551 3.991843 1.736512 0.673450 0.765444 2.150447 2.404853 4.028018 4.191428 2.795867 0.890913 2.751841 2.813834 2.851965 2.853514 0.847252 0.817292 2.322219 2.262538 2.758717 2.330681 0.866688 2.293119 2.243857 2.281715 0.799214 0.799214 2.191069 2.194885 0.845600 0.874038 2.568809 2.933480 0.336297 0.326077 0.242467 0.255796 2.252877 7.469713 2.753800 0.852178 0.811880 0.258844 0.244028 0.000000 7.988693 0.000000 7.727850 2.364452 0.755518 0.772573 0.823961 0.837358 0.833541 0.787916
0.865369 0.765865 0.785502 2.131551 0.789380 0.754868 0.795125 0.825326 4.111992 4.315955 4.238338 2.028394 2.127332 0.745910 3.741679 3.851609 2.885484 2.882987 2.804924 2.855422 0.998221 2.865003 0.855006 0.838540 0.844395 0.844395 2.321764 2.307717 2.459877 2.532910 2.275642 2.499039 0.816712 0.867730 2.254005 2.397364 2.205260 0.836602 2.297455 2.919615 2.921972 2.883779 0.276688 0.274197 0.256184 0.321914 8.192804 8.208761 0.296289 8.232500 0.322533 0.272606 7.820657 7.854532 7.808378 2.599682 0.792115 0.760346 0.754865 0.784905 0.794143 0.757310 0.827849
0.859510 0.757613 0.826730 2.128131 0.792909 2.187373 0.837838 3.610147 4.519329 4.598447 4.281488 4.113708 4.133628 3.983062 3.775068 0.956102 0.987377 0.987377 2.927643 2.872494 2.940532 1.016255 1.005511 0.915634 2.210691 0.827281 2.306622 2.324062 2.489015 2.453496 0.826569 2.478150 0.850443 0.874327 7.724547 2.704585 2.403238 2.397429 2.714064 2.875160 2.905529 2.864753 0.866601 2.278134 0.274670 0.296573 0.296045 8.190235 8.169360 0.000000 0.320045 0.270633 6.969012 2.653875 2.410816 0.783812 0.821592 0.750857 0.750987 0.752732 0.788887 0.829913 0.827676
0.844617 0.774059 0.817697 0.764768 0.798320 3.162042 3.363315 3.888916 4.732609 4.732609 0.000000 4.277732 4.061191 4.077614 2.775559 2.839643 0.955472 2.786783 2.909419 2.933952 1.006449 0.937079 0.931329 2.275141 0.827791 2.360408 2.832490 2.270970 2.303613 2.199546 0.830653 2.464704 2.280321 2.525803 2.323067 2.272131 0.837832 2.383607 2.399126 2.825157 7.987152 2.326982 0.825593 0.821130 0.244211 8.191379 0.320948 0.294809 0.294809 0.273154 0.271212 7.169842 2.181956 0.832703 0.807678 0.752569 0.789639 0.752779 0.825068 0.827581 0.786987 0.826228 2.189062
3.676874 3.852910 0.794213 0.773791 2.094926 0.844689 3.189945 3.454988 4.201106 0.000000 0.000000 4.313963 3.200393 2.806476 2.849345 2.896607 2.831138 2.760634 2.820180 2.938404 2.942144 1.021915 1.009366 2.252678 2.177020 2.173841 2.523908 2.245287 0.875492 2.201989 0.838382 0.833447 2.322219 2.515426 2.511824 0.821893 0.841376 0.788562 2.219551 0.843337 2.518857 0.863514 0.873732 0.260279 0.258724 0.000000 8.130715 0.272382 0.271741 0.270022 0.251186 2.351877 0.777047 0.842629 0.863941 0.839662 0.744397 0.795062 2.176920 0.827108 2.184582 2.184582 2.186624
3.631819 3.933517 0.751487 0.672103 2.085815 2.210137 3.217676 3.506507 4.014993 4.474716 4.504891 2.721576 2.836625 2.828388 2.870543 0.911176 1.001571 2.784835 0.971893 2.881135 2.943941 1.017371 2.876663 0.833810 2.347299 2.349406 2.276028 2.888399 2.297284 2.247587 2.400742 2.641436 2.489912 0.867398 0.836128 2.327728 0.852457 0.838481 0.851099 2.287260 2.519554 0.861485 0.259969 0.277076 0.000000 8.134984 8.073587 8.032176 0.312052 2.373817 2.362803 0.795290 2.184683 2.184683 2.269722 2.291227 0.848863 0.763809 0.770830 2.173224 2.368565 2.377934 2.176575
3.590634 4.031530 4.122605 1.614481 0.694278 0.879307 3.300852 3.512239 3.819749 4.101298 2.811560 2.808925 2.893999 2.893978 0.984471 0.909842 2.877738 0.848456 0.974374 2.824117 0.933203 1.013059 2.879530 0.822455 2.558190 2.354374 2.253961 2.267556 2.218160 0.872114 2.475683 2.658178 2.228447 2.913905 2.944781 2.568695 2.264178 0.838481 2.285266 2.296407 0.244434 0.232826 0.258124 8.185340 8.185340 0.319320 0.270677 0.290544 0.312570 2.182959 0.786829 0.825852 0.789010 0.843847 0.860862 0.821611 0.846801 0.791554 2.207334 2.344139 0.826419 0.791294 0.829452
3.647019 4.130393 4.167115 4.300566 1.591301 2.441172 3.442497 3.512239 2.406201 2.848742 1.012635 2.852082 2.823308 2.945238 0.926790 0.874017 0.932983 0.917988 0.904913 0.847959 0.934854 0.921925 2.311313 2.348919 2.173662 0.830662 2.232461 2.571287 2.493532 2.305365 2.320735 2.435725 2.221751 0.865927 2.581997 2.320230 2.320230 0.809829 0.856378 2.495649 2.500695 0.232225 0.232345 0.242523 8.116545 0.315841 0.252720 2.410816 2.398368 0.824966 0.724530 0.726944 0.731514 0.845948 2.252917 0.855714 2.430298 2.171440 0.830226 0.828619 2.396509 0.831107 0.825060
3.810923 4.150164 4.163852 4.283784 1.974014 2.084374 2.196911 3.527762 2.264540 2.449106 0.850780 0.920879 2.805230 2.846097 0.924037 0.833887 0.818776 0.874748 0.855737 0.840487 0.865389 0.862080 2.255115 0.827330 2.431939 0.851337 2.419829 2.419829 2.287274 2.564933 2.939438 2.574867 0.855692 0.838955 2.272131 2.326541 0.872440 0.815287 2.789950 8.254831 2.490964 0.856408 0.231443 0.272315 0.000000 2.697745 0.831565 0.829325 2.185812 0.786488 0.752793 0.754011 0.219589 0.229513 0.220246 0.253141 2.185013 2.175953 0.822076 2.181662 0.829162 2.391627 0.825195
3.960550 4.074724 4.150164 4.224758 4.257554 2.452974 0.901367 2.156467 0.834812 0.837843 0.843841 0.823431 0.888506 0.843431 0.957628 0.982620 2.924794 0.936735 0.871457 0.871457 0.845136 2.526515 0.870916 0.792365 2.182857 2.519921 0.871424 2.218437 2.242649 0.869236 2.918427 2.574482 0.866838 0.848201 0.806033 0.868856 2.314348 2.285266 2.786098 2.269417 0.853179 0.851850 0.255419 3.316621 0.000000 0.238726 0.238540 0.238196 0.233951 0.242612 0.240147 0.240065 0.220096 0.219959 0.220135 0.219015 0.822743 0.750970 0.825534 2.188926 2.189597 2.186402 0.825030
3.928389 4.004508 4.126147 4.122979 4.021472 0.986059 1.009003 0.844723 0.804526 0.795335 0.787824 0.787824 2.213513 0.852771 0.842555 2.746866 9.396526 2.889199 0.929132 2.320243 2.293930 2.537450 2.291824 0.802140 0.838264 0.866092 0.866535 2.240269 2.741916 2.872717 2.305820 2.312783 2.318028 2.289245 0.808393 0.863945 2.525309 7.579362 0.809204 0.807435 0.804352 2.745180 0.000000 0.000000 0.313140 0.784409 0.826903 0.845491 0.844584 0.849597 2.214792 0.837608 2.216190 0.794331 0.705915 0.212044 0.218710 0.218831 0.791015 2.203676 0.824715 2.183621 0.827791
