code/FB/TestMTT/SampleData/Outputs/testMTT_INTENSITY.asc
NCOLS 84
NROWS 94
XLLCORNER -2098.000000
YLLCORNER 3210.000000
CELLSIZE 30.000000
NODATA_VALUE -1
[rows 0 to 24 of 94, columns 0 to 56 of 84]
261.800507 282.991882 302.805603 296.360962 264.795074 294.232941 347.933624 407.226288 322.612457 313.040131 373.291260 351.963470 393.362610 394.351257 394.822418 2727.777588 342.266998 342.902557 299.711029 381.371552 2886.179688 283.309326 949.366577 289.481964 281.985229 301.700653 304.457489 319.412415 480.659729 332.856812 292.997528 236.508545 194.262161 21.045914 21.901407 22.008184 22.027712 23.842390 302.299957 260.095398 261.520874 303.419098 336.141083 312.874969 304.695465 593.359009 2889.831543 2880.118652 2844.859375 2819.224854 2801.031738 2756.628174 2780.789307 329.820740 329.820740 353.869812 413.735687
279.932037 296.836456 274.967010 270.282867 307.162262 415.890381 422.229095 646.995667 279.024200 1883.674194 368.656647 384.499573 393.362610 394.351257 386.838409 2447.754395 318.038269 324.839600 349.404358 2908.547119 2896.488525 2606.378418 1572.683716 305.937469 286.185944 286.061615 287.755371 299.497955 475.040924 299.263519 227.954330 210.364319 196.007050 267.495270 23.418083 23.803438 22.013371 23.788929 23.799849 26.334349 263.006531 310.187439 309.679688 295.781616 329.261383 599.115540 599.115540 1586.383789 2854.662354 2833.157471 2815.643311 2810.091553 2815.287354 425.038788 377.055756 356.950256 409.134125
1714.518066 286.763947 297.884796 317.309326 375.460938 388.064240 334.528473 1900.078735 1804.771851 1860.261841 319.275299 384.499573 385.944244 386.398224 2445.432129 318.038269 342.590149 387.677246 331.896393 32.799530 2608.205566 2474.205811 2010.353516 207.397369 399.478943 266.867523 277.386932 486.423248 213.012375 236.355011 218.302887 185.580124 231.870102 239.492035 25.050108 26.147661 26.170557 22.002911 20.538805 23.832243 41.847393 27.013494 294.187836 291.528839 290.416992 877.887939 979.858887 7891.604980 1120.048340 2830.512939 2807.823975 2812.419434 367.691254 435.470673 379.489624 395.549591 357.257629
297.680847 1838.721924 314.300476 306.116302 374.767334 369.923004 295.096588 1846.147461 1867.935303 316.042755 325.707825 383.990601 379.114929 317.370209 2411.087646 348.315002 355.683502 394.822418 338.201019 2774.957275 2629.602295 2463.989746 215.447723 139.428253 212.651154 472.355286 278.264648 261.291077 221.430054 221.430054 152.622803 0.000000 445.268738 183.482742 210.474823 252.395889 23.475718 21.960276 22.015833 26.212639 34.136974 24.736498 325.971069 313.277466 337.734467 717.073120 959.860901 719.060608 674.325317 1242.172485 2793.992188 2813.747070 320.189850 374.757629 385.838470 346.311615 340.478302
1910.072021 1889.062622 299.763031 326.550323 363.634003 382.931641 336.156586 2111.427246 1982.612061 2278.913818 2026.148926 2323.142822 2324.385986 2369.622070 373.559570 386.838409 655.145813 371.482971 2690.325684 3236.461182 2534.326660 2534.326660 1829.673340 1415.252686 1149.901611 1305.396973 1554.060303 224.066940 212.651154 163.561234 0.000000 0.000000 633.255859 209.283890 238.099960 246.699493 21.343540 20.417713 22.015833 26.212639 29.434160 26.663965 355.663513 342.964966 680.379639 622.295166 391.764008 727.899353 852.128723 389.484344 2793.992188 2807.775391 319.708832 303.304993 355.042328 336.226654 330.754547
317.859039 349.673004 349.673004 358.239044 384.726105 323.354431 310.537994 2207.556885 300.676971 2051.612549 2241.971191 305.145966 305.145966 310.929321 317.020416 633.132568 644.341431 402.998810 371.969482 353.460052 2856.160400 2817.146973 1368.152344 1356.408081 195.367050 203.174927 224.649155 1388.756104 334.461914 2538.679199 2513.277832 843.881409 502.438904 214.325287 241.654572 268.840820 20.813540 21.673012 22.015833 23.845322 57.068138 41.804913 24.624926 579.035461 585.081421 719.344727 734.067627 962.883667 8690.097656 1011.995300 362.873322 2807.735352 369.089783 308.538879 293.637695 328.701050 366.855194
310.462219 357.402374 387.702362 326.550323 326.550323 376.147858 314.874847 2325.734131 296.373993 297.362976 279.051208 303.904724 2080.005859 372.476807 303.744385 394.822418 655.145813 402.998810 339.551880 2873.812744 2828.093262 2311.290039 2522.084961 2610.595947 2637.461426 2639.511230 2648.433594 301.341980 2580.868896 0.000000 2585.231689 901.564392 689.874084 462.723083 488.205719 304.824860 286.879822 23.324558 23.809542 23.845322 34.102097 3363.496582 34.303699 35.626461 597.479248 699.971008 707.347351 726.557373 578.834534 541.182922 285.991730 526.979675 325.729126 307.944427 341.337402 318.759766 432.384949
314.877777 354.782410 345.450134 338.316162 332.525024 597.667542 2189.639404 1943.683105 273.920349 297.680847 302.542999 313.847534 371.701447 378.695831 386.398224 347.832825 370.979736 1549.951416 2883.604248 2840.277588 2746.927246 2513.987549 0.000000 2589.955322 2582.766113 2588.468018 2620.507324 2633.266846 1246.592041 2635.265381 1320.376343 4378.484863 734.674744 782.346313 619.781494 537.942871 284.923218 288.134369 23.572582 23.835104 23.845322 3363.340088 57.215508 36.200813 721.788147 574.735107 697.349182 749.068848 712.269958 550.089539 278.538757 509.019806 322.857910 380.084198 379.541962 656.677917 656.677917
327.504822 383.995880 369.747009 327.370361 354.825195 2194.206787 1976.609985 273.358459 304.185028 2036.020630 2062.695801 369.578491 340.104462 379.521790 394.822418 411.823029 38.335636 2863.178955 2839.138428 2803.713135 20028.888672 2396.656738 0.000000 2553.380371 2567.977295 2585.568115 2623.631104 2641.632812 334.051666 2701.431152 905.698975 758.465698 605.706116 808.460449 309.974548 537.761047 257.949280 309.791901 21.383339 23.792034 26.212639 41.716946 3366.554443 603.134216 712.708801 868.574341 724.542053 675.275818 675.275818 704.760986 659.434082 476.377869 493.421600 319.527130 334.342896 334.439545 545.544678
357.402374 614.826904 598.977844 356.863373 325.347809 2194.536133 297.333405 279.024200 2268.462402 2054.035889 2022.139771 2253.813477 614.156921 386.838409 412.890625 2892.645020 32.992462 1606.115356 2778.315186 2655.048096 2501.258545 2364.601807 0.000000 2522.084961 2506.478516 2554.796143 2611.535156 2637.017090 1137.804077 817.673828 663.169739 655.503906 823.180176 820.050110 628.695740 620.898132 522.207520 527.879028 22.531975 23.625898 23.625898 23.845322 29.425722 41.764465 30.238930 314.098816 626.150513 769.897278 649.357544 678.621826 302.024017 582.390503 513.015930 317.389984 560.218384 329.695801 527.846375
310.025787 335.768677 369.438354 342.974792 318.327240 317.429749 373.188141 2081.885254 2415.590088 295.036438 278.438446 2153.892822 373.898926 646.788147 405.738708 2837.710205 9496.063477 2265.959717 1903.371826 2569.944824 2514.854980 2434.999268 2461.278320 2466.225342 2498.256836 2535.985596 1332.706665 1172.846680 588.806763 842.818176 564.133240 564.133240 838.023254 873.582275 656.599731 602.795410 477.650818 610.106445 615.008789 247.600784 23.372547 23.835350 29.425722 41.724022 564.752075 294.662598 398.983887 397.687317 611.890381 331.701172 515.128845 593.325012 306.338593 316.245300 551.952820 322.471497 814.972107
344.396149 343.917175 324.926208 347.143402 377.724609 404.913025 640.668030 341.860931 282.288666 2221.393066 2380.481201 327.351013 315.059174 322.367737 2868.218018 2744.123291 2623.631104 2574.960449 2574.960449 2604.449463 2572.527100 2471.830811 2466.225342 0.000000 2496.893799 2544.053467 1114.202148 1062.288330 788.177063 315.285492 675.775574 551.658752 657.627014 697.476929 563.868164 512.975098 757.923401 773.430298 474.800751 281.724274 24.874174 21.966661 34.102097 41.716946 333.762817 350.779022 398.034698 380.668671 589.077454 562.630005 315.498077 296.601715 503.699860 306.164642 25.599318 28.964678 41.387680
371.482971 359.982971 347.678101 372.878418 348.406982 316.943756 318.474579 289.920319 271.615936 333.862335 338.030579 344.597870 319.752899 21716.814453 2832.912598 2757.099609 2623.242920 2540.133545 2584.019287 2622.900391 2633.537598 2560.533203 2459.440918 2540.086670 2596.735352 2610.020508 2663.759033 581.211548 644.026489 559.142090 561.326721 650.138367 550.896545 614.080811 603.081055 560.856628 514.258850 774.025818 440.749176 564.335632 31.705610 26.085926 26.212639 26.212639 333.605682 350.779022 341.852081 312.423553 311.971191 278.618805 322.673553 512.777893 484.567841 27.296799 41.468319 26.200560 29.425722
342.801819 358.223816 376.897980 320.122253 36.111938 37.610374 37.610374 32.595695 284.325775 268.419769 330.118469 301.478241 340.696533 2851.487061 2834.276855 234.662872 2574.943115 2549.481689 2547.030762 2617.385742 2588.730469 2496.682861 0.000000 2653.229248 2674.042969 2666.626465 1235.787964 610.385986 549.914917 669.297974 560.882507 548.915894 331.108032 601.413513 639.229553 339.656250 548.660828 508.536194 458.091797 716.339294 600.659790 33.851345 34.102097 29.425722 563.100281 350.316742 313.780914 325.746582 339.125519 275.253601 312.275330 604.627319 615.501953 56.468399 57.052250 34.102097 34.102097
2286.138428 313.686279 361.154694 356.125916 356.026672 348.294769 34.084263 34.899754 276.311462 311.111145 280.396332 287.378387 302.746674 21568.722656 272.794098 306.676636 2549.481689 2495.953613 2511.669189 2608.401855 2579.431641 0.000000 2588.468018 1395.121216 2722.232178 2738.179443 1291.723511 641.239380 558.683716 670.120422 328.989929 325.700623 562.151489 599.535156 654.411438 288.985413 272.001007 301.199860 464.122528 415.640442 763.125977 41.306461 41.716946 34.102097 848.032837 314.716339 324.114044 297.362976 331.945831 320.248688 509.883514 592.094543 41.165863 41.653358 34.102097 41.716946 3366.507324
285.399597 1881.951050 340.405090 589.950806 353.875702 340.823883 331.613831 2809.991943 270.174561 294.900360 243.512711 1689.634399 291.368408 2165.825928 1971.763550 2628.093750 2493.184570 2467.958740 2554.796143 2623.631104 2604.449463 2594.563477 2661.221924 782.305847 391.718506 521.835815 325.581207 552.503601 325.122162 330.044861 325.637939 561.645874 561.916504 586.777527 661.576843 346.896515 555.755493 281.258972 460.224274 422.084839 772.345703 3354.650879 34.102097 23.845322 301.887512 340.685944 284.008301 312.306183 322.927032 531.470886 531.470886 621.664185 3354.378174 26.195566 29.437365 41.727894 3365.957764
322.184875 290.984894 301.720703 292.322937 324.874603 344.812164 301.143250 2814.123779 258.566406 2747.665527 229.569473 182.639038 1752.210938 428.301941 593.404236 2594.563477 2488.007324 2540.086670 1019.641541 0.000000 648.106384 683.729492 743.773376 287.393829 315.492218 540.994995 668.732483 669.309387 309.733978 310.991394 296.923126 672.072632 560.555115 341.105438 397.064636 593.821960 328.732330 483.096252 757.638184 747.450500 2780.789307 56.710293 56.710293 29.417030 26.212639 848.325195 335.165771 340.912506 303.315582 289.999603 539.422363 823.571533 29.423609 26.269705 29.532972 0.000000 58.129051
322.184875 270.912872 274.465363 288.874725 301.444794 317.707886 303.132019 319.643860 242.634659 2694.374023 1556.052490 173.344345 237.180466 2123.975830 613.021667 2623.631104 2586.074707 615.809448 280.116058 615.377136 691.388977 749.484131 790.915527 331.708527 296.241150 539.621887 558.729980 846.225769 526.281738 289.204559 556.401123 564.032043 558.127197 303.967651 303.967651 619.752563 613.790955 332.018188 300.664612 594.185242 761.003357 55.005466 56.665943 26.197428 29.425722 563.053894 2897.811523 847.805542 330.439758 293.752563 28.726954 25.927771 0.000000 3369.176025 0.000000 3394.843018 725.861572
300.826813 233.827209 267.026062 1942.470093 330.601471 298.891815 305.216400 290.936798 2646.674561 2546.976807 2576.375488 432.026764 411.315735 244.976669 2713.814697 2692.987061 711.620483 662.875488 603.448792 650.050537 380.655121 800.069885 313.435760 339.757172 334.823090 334.823090 539.745605 549.803040 669.835999 654.867065 559.063354 655.874023 297.694946 324.537537 560.209534 702.429443 614.080811 354.578186 546.617554 790.128845 765.004883 814.687439 33.706379 34.034271 29.412209 56.992218 3361.027344 3359.876465 41.547775 3358.798584 56.937393 34.114265 3382.134521 3380.006104 3384.755615 897.134460 349.404358
285.212708 227.673141 283.641357 1785.207886 341.804657 595.887146 338.280243 2802.680420 2436.233154 2350.614746 2508.271973 2591.466309 2598.733887 2644.582764 2698.074219 399.600891 382.393494 382.393494 708.265869 636.179199 719.669678 399.971527 416.649353 370.295898 578.744263 350.437256 550.030884 512.777893 664.129883 672.161194 344.331726 662.777161 302.392792 306.924896 8193.974609 858.197815 723.088257 728.125793 856.128723 823.591736 779.625793 814.972107 324.999725 560.482483 33.978634 41.557255 41.595161 3361.127930 3362.211670 0.000000 57.083847 34.253571 4102.241699 870.576721 681.046570 329.308807 366.396881
271.922333 230.895782 263.026520 278.321289 344.732727 2875.996094 2836.893799 2719.476562 2294.356445 2294.356445 0.000000 2524.951904 2604.449463 2611.673584 824.609802 741.536743 409.231537 792.143616 769.487488 705.259277 355.640472 338.730774 357.784607 558.109314 349.912872 722.656189 837.294312 462.324890 548.006836 584.765076 377.500031 670.269104 502.383270 590.858093 534.678772 554.330994 362.731201 721.551392 703.958435 830.401123 5022.168457 527.576660 284.339233 296.309296 25.973686 3361.502197 57.047813 41.698978 41.698978 34.086502 34.213226 4852.417480 650.637573 343.528870 300.686859 290.069580 342.590149
2784.057373 2732.041260 234.254150 225.145279 1629.552612 377.458679 2875.777344 2809.828125 2557.611328 0.000000 0.000000 2532.267090 1064.123779 699.796997 688.848389 764.453247 793.020874 817.698364 804.805664 759.322754 733.956116 388.922333 424.335205 562.453674 609.686035 621.138733 660.694824 457.972900 315.417023 586.105835 388.978973 349.433197 539.621887 598.575867 601.355408 286.694855 336.483856 320.599640 575.636047 307.943878 620.523071 302.875519 312.372681 28.628965 29.068565 0.000000 3363.406982 34.117310 34.158447 34.391075 30.380751 728.183655 345.835236 335.716461 321.866119 335.376160 311.903748
2796.984131 2711.696777 207.465027 171.769730 1547.263916 2423.604980 2865.373535 2775.296875 2626.844238 2465.059570 2459.320312 557.586365 667.398682 731.107727 738.495544 326.339294 397.228088 824.577637 424.843170 794.860291 757.455444 373.025909 819.952087 340.384979 756.781067 729.801453 557.942261 756.825439 504.537079 563.544189 697.687073 927.905334 662.563843 288.397369 258.697662 520.073730 333.122131 337.368408 328.520782 531.470886 645.584717 316.919922 28.307213 33.580406 0.000000 3363.340088 3364.867676 3366.703613 57.843792 705.671631 741.565063 373.563965 589.118713 589.118713 556.768860 529.282349 333.577789
2807.704590 2679.388672 2644.796631 963.543213 179.472763 339.386108 2835.980713 2764.686279 2686.065918 2638.503906 595.433594 598.517151 655.367981 754.304932 387.340637 328.981812 789.148254 317.135986 429.592896 821.969238 333.910278 364.207916 819.392944 359.687836 1181.459839 726.556519 562.936096 495.487000 462.523071 322.782928 667.786438 896.521790 566.418640 784.730835 757.174255 639.913940 562.217529 337.368408 556.221497 554.193665 25.874237 23.502314 29.197388 3362.094727 3362.094727 57.112919 34.286167 42.053131 57.793175 586.296021 339.658356 383.182068 316.569977 335.237305 329.749237 286.879822 333.820557
2791.791504 2622.174316 2614.989990 2564.405029 241.621094 542.332092 2798.057129 2764.686279 601.108765 751.446472 364.626373 652.971313 638.468628 745.730652 339.726044 300.680878 347.952301 359.068237 367.635254 329.574738 346.685242 308.935181 549.058960 730.120972 612.562927 351.686798 567.689209 634.334839 548.102478 499.088531 543.879883 677.916931 573.886841 313.251587 618.261719 543.998779 543.998779 301.187195 331.676147 666.886902 666.339905 23.706985 23.696255 26.195343 3363.630371 57.399094 29.868816 681.046570 685.713135 347.419769 280.747772 283.042267 261.768402 333.554535 561.413879 332.294678 675.216370
