code/FB/TestMTT/SampleData/Outputs/testMTT_MAXSPREADDIR.asc
NCOLS 84
NROWS 94
XLLCORNER -2098.000000
YLLCORNER 3210.000000
CELLSIZE 30.000000
NODATA_VALUE -1
[rows 28 to 55 of 94, columns 0 to 61 of 84]
2.037154 2.049270 2.049270 1.887689 1.871795 1.942417 1.986390 1.998191 1.994072 1.992283 1.952333 1.981413 2.058220 2.084224 2.301004 2.187933 2.575352 2.405290 2.224078 2.116695 2.085424 2.057212 2.051266 1.970987 1.762778 1.947511 2.051901 2.040183 2.014741 2.045074 2.046070 2.042844 2.045617 2.051520 2.035779 2.057878 2.066033 2.069365 2.069910 2.073921 2.076350 -9999.000000 -9999.000000 2.080091 2.084462 2.158150 2.279783 2.345717 2.295892 2.264563 2.270125 2.285664 2.227108 2.255168 2.208193 2.167471 2.098652 2.073165 2.047554 2.017517 1.952333 1.981668
-9999.000000 -9999.000000 2.016964 1.901897 1.985237 2.006575 1.981970 1.998812 2.007822 1.999048 1.940464 1.899592 1.981032 2.046919 2.122981 2.080827 2.073204 2.257893 2.345678 2.341664 2.207932 2.142704 2.068518 2.048245 1.933510 1.963140 2.053114 2.063141 2.008735 2.013733 2.040071 2.038593 2.042831 2.059849 2.056015 2.063461 2.071298 2.071107 2.073789 -9999.000000 -9999.000000 -9999.000000 2.081316 2.089704 2.114577 2.225938 2.197595 2.188634 2.265346 2.264976 2.237520 2.282989 2.313154 2.283883 2.229802 2.229802 2.194839 2.129073 2.091743 2.076404 2.077018 2.037540
1.833450 2.071046 2.037632 2.016394 1.962922 1.983140 2.053939 2.055078 2.061455 2.024122 1.895233 1.814498 1.840973 1.912598 1.998433 2.078640 2.080192 2.083839 2.173615 2.429089 2.424528 2.324529 2.136189 2.089958 2.019618 1.947897 2.050945 2.060927 1.986068 1.986665 2.014963 2.054594 2.067837 2.068744 2.067627 2.071092 2.070374 2.073592 -9999.000000 -9999.000000 -9999.000000 2.083487 2.085146 2.098960 2.154795 2.131968 2.131968 2.118811 2.098176 2.127571 2.187998 2.338051 2.345242 2.315132 2.313463 2.312768 2.303997 2.209277 2.152981 2.108204 2.138291 2.101961
2.039205 2.118994 2.047839 1.980406 1.904541 2.026817 2.054953 2.073860 2.088016 2.058262 1.919126 1.798356 1.840973 1.909446 2.076085 2.077705 1.848815 1.937164 2.042578 2.086444 2.164261 2.221452 2.266830 2.150193 2.070423 1.978673 2.016654 2.036244 2.003378 1.981881 2.071763 2.075818 2.076746 2.076756 2.076910 2.076882 2.076776 2.076255 -9999.000000 2.081756 2.083152 2.090820 2.088730 2.079319 2.086985 2.030466 2.055736 2.052863 2.048278 2.060754 2.124316 2.260045 2.260813 2.315178 2.345188 2.313584 2.311869 2.283716 2.254971 2.182719 2.213975 2.199378
2.226663 2.104682 2.140873 2.074491 1.999359 1.987692 2.055754 2.062093 2.065547 2.070732 2.013438 1.883448 1.895440 1.995384 2.079136 2.077705 1.998210 1.956929 1.964393 2.003781 2.052981 2.080905 2.150091 2.117548 2.077954 2.028134 2.032887 2.045069 2.059541 2.065521 2.076958 -9999.000000 -9999.000000 -9999.000000 2.076942 2.076942 -9999.000000 -9999.000000 2.095309 2.105607 2.110818 2.126599 2.094024 2.072901 2.021314 1.943973 1.997068 1.997990 1.963686 1.936502 2.042229 2.115976 2.123562 2.284000 2.345253 2.313584 2.378951 2.402936 2.363834 2.275900 2.301749 2.230340
2.130191 2.167186 2.174069 2.138885 2.037667 1.917115 1.926506 2.003214 2.016916 2.071816 2.070414 1.983297 1.963035 2.009647 2.005068 1.988036 2.060023 2.024664 2.001488 1.996132 2.007100 2.007100 2.051392 2.060027 2.083560 2.079896 2.064832 2.049652 2.071219 2.076411 -9999.000000 -9999.000000 2.076837 2.077005 2.077584 2.083799 2.084881 2.093071 2.222741 2.223380 2.238252 2.228018 2.122423 2.081785 2.004583 1.890251 1.823398 1.821881 1.809477 1.820238 1.895423 2.060215 2.096669 2.147120 2.204998 2.314018 2.379192 2.444187 2.412038 2.372326 2.362309 2.230517
2.183108 2.391123 2.124072 2.110553 2.077417 2.019063 1.928479 1.952765 2.020650 2.047197 2.057662 2.038222 1.964064 1.964064 2.046785 2.062070 2.090993 2.095634 2.072207 2.022604 2.034819 2.033898 1.999616 2.064986 2.090224 2.079995 2.071167 2.064168 2.074046 -9999.000000 2.076973 2.076888 2.076896 2.078096 2.080451 2.132538 2.194381 2.202431 2.223634 2.172955 2.162143 2.175485 2.165168 2.109370 2.030515 1.950973 1.823744 1.824474 1.816165 1.909732 1.941149 2.007412 2.070210 2.111842 2.158839 2.259262 2.314018 2.264702 2.414495 2.478090 2.280630 2.227773
2.124508 2.224078 2.240370 2.225680 2.220954 2.220954 2.117854 2.068721 2.068739 2.040068 2.041979 2.046839 2.023070 2.051533 2.035617 2.061102 2.072754 2.088933 2.082680 2.045251 2.032773 2.013438 2.037705 2.052680 2.064588 2.073594 2.072513 2.074403 2.076920 -9999.000000 -9999.000000 -9999.000000 -9999.000000 -9999.000000 2.121599 2.127541 2.130595 2.179836 2.134009 2.139111 2.117008 2.113212 2.156631 2.126878 2.077916 2.073381 2.026572 1.948874 1.883667 1.946587 1.993720 2.014380 1.982568 2.084610 2.134974 2.173159 2.260045 2.243743 2.315065 2.374383 2.271560 2.246608
1.942526 1.990659 2.135926 2.332119 2.303808 2.250098 2.169606 2.131526 2.108076 2.082338 2.044563 2.038881 2.041214 1.994925 2.055793 2.061218 2.065152 2.063107 2.055318 2.038239 2.008037 2.003637 2.011631 2.010134 2.059133 2.070516 2.075164 2.076980 2.076947 -9999.000000 -9999.000000 -9999.000000 -9999.000000 2.142239 2.206205 2.119699 2.057517 2.061779 2.023269 2.094630 2.119716 2.104522 2.157549 2.161122 2.105878 2.103474 2.083822 2.014081 1.888538 1.897791 1.910650 1.925258 1.914537 2.015323 2.095846 2.193855 2.256496 2.256496 2.204433 2.327440 2.279707 2.366310
1.934103 2.023706 2.076694 2.177572 2.308311 2.221553 2.152136 2.095717 2.117823 2.230802 2.183815 2.089979 2.066444 1.999316 2.047750 2.059458 2.051501 2.017203 2.010838 2.023564 2.041236 2.039908 2.012918 2.061205 2.067490 2.073036 2.076974 -9999.000000 2.076955 2.076942 2.077773 -9999.000000 2.104331 2.187330 2.308368 2.173613 2.074529 1.975384 1.923304 2.042226 2.094630 2.115016 2.135926 2.135013 2.105506 2.090963 2.111063 2.111177 2.044121 2.044121 1.921069 1.839582 2.004075 1.986740 1.945320 2.050465 2.112080 2.159427 2.204433 2.257048 2.215829 2.336795
1.899753 2.017089 2.064857 2.159652 2.249598 2.139669 2.124078 2.081654 2.263988 2.238479 2.096255 2.220665 2.086912 2.025284 2.040682 2.052231 1.924317 1.943307 1.983872 2.045600 2.063897 2.063064 2.062316 2.072027 2.072337 2.076066 -9999.000000 2.076934 -9999.000000 -9999.000000 -9999.000000 2.091822 2.134662 2.191289 2.208368 2.185939 2.102519 2.001460 1.920625 1.969780 1.969780 2.072641 2.096898 2.125190 2.118482 2.115578 2.088189 2.087833 2.120718 2.140040 2.130409 2.059591 2.004075 2.065582 1.977999 1.993186 2.069794 2.105226 2.157363 2.257048 2.280630 2.304255
1.958753 2.011255 2.047030 2.099161 2.350088 2.375253 2.233417 2.281991 2.261146 2.092536 2.083541 2.079680 2.182808 2.018759 1.935335 1.904959 2.072380 1.993518 2.046947 2.055983 2.069953 2.074312 2.072878 2.073184 2.075818 -9999.000000 2.076921 -9999.000000 2.076974 -9999.000000 2.079566 2.098950 2.098950 2.107339 2.111115 2.128255 2.187154 2.140991 2.143495 2.055961 1.925523 2.009358 2.078170 2.125080 2.158728 2.213457 2.197766 2.118167 2.072976 2.118274 2.198369 2.241063 2.142837 2.033629 1.954335 1.862575 1.939686 2.039522 2.105554 2.170368 2.255621 2.306574
1.907824 2.019444 2.053186 2.073435 2.144569 2.214351 2.268167 2.334121 2.095167 2.085315 2.082838 2.082289 2.074553 2.096063 2.022620 2.064771 2.000475 2.026625 2.057987 2.059906 2.065728 2.075488 2.076070 2.076497 2.076497 -9999.000000 -9999.000000 2.076942 2.077071 -9999.000000 -9999.000000 2.103661 2.107478 2.057875 2.072186 2.105743 2.188748 2.333001 2.234420 2.112501 1.971657 1.917314 2.018900 2.082388 2.156057 2.139209 2.234064 2.205192 2.121933 2.056240 2.067924 2.068203 2.057214 1.745919 1.862592 1.843037 1.976030 2.014120 2.074797 2.157900 2.092458 2.308615
1.931897 2.043453 2.058130 2.038668 2.066205 2.080121 2.142113 2.255855 2.076157 2.074996 2.075863 2.073827 2.072650 2.173663 2.095485 2.095485 2.072426 2.030207 2.045276 2.075509 2.075307 2.075808 -9999.000000 2.076797 -9999.000000 2.076970 2.077077 2.077252 2.077398 2.079016 2.133022 2.203610 2.177774 2.094850 2.075394 2.095206 2.150126 2.234420 2.372872 2.218884 2.078762 1.993638 1.951961 2.027556 2.078973 2.010959 2.080978 2.125887 2.109990 2.039805 1.974411 1.896006 1.907543 2.020119 2.027732 2.043711 2.029037 1.988054 2.048418 2.102524 2.083626 2.091677
1.986537 2.060335 2.067802 2.069713 2.070071 2.048548 2.074415 2.074415 2.040920 2.078187 2.078365 2.079796 2.080652 2.078373 2.075379 2.146145 2.040531 2.065264 2.069635 2.073814 2.076285 2.076310 2.076784 -9999.000000 -9999.000000 2.078559 2.078676 2.078363 -9999.000000 2.087763 2.178916 2.165102 2.168064 2.118378 2.101133 2.096206 2.122246 2.246007 2.276575 2.229678 2.225142 2.098130 2.059680 2.022696 2.007865 1.999631 1.958560 2.056140 2.069909 2.041803 2.006866 2.006215 2.018949 2.125275 2.120809 2.103138 2.065228 2.003711 2.003190 2.072501 2.079148 2.089830
2.080183 2.068074 2.073427 2.073350 2.068538 1.960871 1.967482 1.987325 2.075383 2.081575 2.080897 -9999.000000 -9999.000000 2.077295 2.081635 2.026561 2.068649 2.076813 2.077016 2.077111 2.077887 2.077280 2.077416 2.079583 2.079608 2.084360 2.085547 2.096011 2.120716 2.164770 2.200387 2.122535 2.116542 2.132249 2.147827 2.126292 2.129396 2.157685 2.253084 2.305449 2.310935 2.208215 2.156086 2.113544 2.075934 2.109788 2.053645 2.026200 2.057059 2.069920 2.064022 2.075899 2.107832 2.076169 2.061364 2.022522 1.979033 1.905989 1.927734 1.927734 2.034827 2.076942
2.062604 2.059245 2.013066 2.073462 1.945275 1.922433 1.924768 1.922351 2.075818 2.079686 -9999.000000 -9999.000000 -9999.000000 -9999.000000 1.915243 2.029052 2.076911 2.077341 2.077825 2.080657 2.084306 2.082604 -9999.000000 2.103474 2.103102 2.120747 2.098935 2.111638 2.170480 2.228902 2.196230 2.135955 2.112226 2.146390 2.225635 2.177474 2.180830 2.193642 2.230321 2.276727 2.283036 2.256642 2.192600 2.165490 2.163467 2.190849 2.149316 2.102539 2.082361 2.076942 2.060374 2.060374 2.069116 2.005544 2.025388 2.021548 2.009439 1.995412 1.937997 1.897742 2.109107 2.112228
1.931658 1.669039 2.062243 1.859921 1.897586 1.924768 1.922737 1.876243 2.077186 -9999.000000 -9999.000000 -9999.000000 2.079241 1.960513 2.002322 2.077278 2.076939 2.078551 2.081661 2.086951 2.091306 2.092957 2.094226 2.197458 2.209106 2.207424 2.141602 2.095523 2.085351 2.138203 2.111115 2.142278 2.152588 2.167576 2.240650 2.300601 2.214638 2.247304 2.272323 2.304961 2.313054 2.287148 2.232542 2.232542 2.167283 2.236350 2.278937 2.235190 2.171814 2.120401 2.088375 2.032042 1.982846 2.049214 2.053951 2.044571 2.028100 2.025133 2.063467 2.118419 2.042846 2.066773
1.607028 1.535757 1.687255 2.050458 1.842932 1.876936 1.920222 2.069616 2.077590 -9999.000000 -9999.000000 2.080723 1.947619 2.030590 2.067530 2.076845 2.076834 2.077606 2.082863 2.090150 2.098170 2.110068 2.146634 2.236462 2.253712 2.333919 2.201802 2.126029 2.028126 2.021184 2.057875 2.131362 2.174538 2.177112 2.177112 2.178020 2.163466 2.168205 2.134514 2.207381 2.261089 2.433578 2.408555 2.331818 2.254989 2.316606 2.388578 2.396834 2.096334 2.087804 2.140464 2.098488 2.057257 2.097669 2.085614 2.073881 2.041166 1.990191 1.939024 1.967345 1.902004 1.948670
1.570361 1.751888 1.840494 2.026491 1.995660 2.035334 2.063041 2.073239 2.072860 2.079798 2.081666 2.032871 2.050221 2.073660 2.068145 2.076125 2.075829 2.077381 2.100810 2.101274 2.103843 2.117298 2.144113 2.123568 2.141477 2.236851 2.236851 2.233299 2.133869 2.078967 1.994637 2.028375 2.096972 2.140431 2.154686 2.125360 2.101527 2.103752 2.109154 2.167054 2.175102 2.310166 2.372346 2.391242 2.314584 2.107693 2.266294 2.108879 2.094890 2.091614 2.166502 2.170596 2.136071 2.157995 2.143381 2.154485 2.114731 1.986741 1.712465 1.521697 1.723297 1.913815
1.674144 1.591279 1.814157 1.764641 1.957703 2.028259 2.064290 2.066589 2.068748 2.034279 2.061361 -9999.000000 -9999.000000 2.073082 2.066727 2.075511 2.074196 2.083198 2.083198 2.148664 2.139531 2.105468 2.096206 2.083014 2.079455 2.107838 2.157587 2.305449 2.175730 2.092605 2.004512 1.925285 2.031746 2.056904 2.078370 2.088972 2.092280 2.094024 2.102880 2.141465 2.166091 2.248418 2.309972 2.306716 2.204608 2.099084 2.096149 2.096183 2.097061 2.096770 2.099642 2.180882 2.195119 2.240573 2.202555 2.281116 2.322239 2.211107 2.073195 1.878973 2.052268 1.935628
1.741031 1.807797 1.808472 1.881202 1.966406 2.028135 2.062323 2.062138 1.893868 1.893868 1.986143 2.058079 2.072603 2.076809 2.071641 2.071338 2.075404 -9999.000000 2.103733 2.217083 2.186401 2.115526 2.099299 2.113912 2.098308 2.091684 2.129146 2.257048 2.229376 2.113824 2.000465 1.875791 1.948039 1.981458 2.018219 2.046517 2.080130 2.087505 2.098295 2.125167 2.152669 2.185846 2.175432 2.236194 2.101833 2.102099 2.097040 2.100011 2.097061 2.104762 2.112566 2.117986 2.116052 2.269540 2.182045 2.249097 2.418266 2.584930 2.500197 2.218778 2.192704 2.156976
1.869894 2.072834 1.996817 1.937879 1.891567 1.781336 2.053829 2.071765 2.017095 1.997812 2.032888 2.060398 2.075783 2.076484 2.075154 2.075025 -9999.000000 2.104635 2.157079 2.160104 2.137638 2.105229 2.100199 2.121385 2.131196 2.104311 2.096669 2.133976 2.226098 2.224827 2.051953 2.030318 2.000533 1.945989 1.973234 2.006850 2.055480 2.081848 2.097300 2.117872 2.128221 2.140349 2.160774 2.098433 2.101551 2.251400 2.166759 2.185470 2.208214 2.242365 2.129278 2.129076 2.310275 2.192091 2.128030 2.083441 2.172004 2.384870 2.624475 2.392801 2.226599 2.169290
2.087647 2.073829 2.060668 2.020079 1.939246 1.870415 1.655692 1.924317 2.057437 2.054045 2.071822 2.076982 2.076372 2.076333 2.077400 2.077179 2.083722 2.089950 2.108380 2.103075 2.107488 2.080692 2.084383 2.081403 2.109963 2.097541 2.086857 2.096757 2.253977 2.308303 2.100932 2.134962 2.131362 2.094471 2.061257 2.051774 2.058596 2.078640 2.124361 2.143928 2.165071 2.134809 2.191730 2.193480 2.192041 2.204832 2.226459 2.224199 2.241012 2.292369 2.232839 2.219116 2.189538 2.185017 2.278493 2.132505 2.060836 2.093048 2.241328 2.482056 2.095487 2.253315
2.076465 2.078373 2.070516 2.059563 2.010606 1.955097 1.999875 2.043669 2.072248 2.076982 -9999.000000 -9999.000000 2.076344 2.077458 2.077773 -9999.000000 2.061342 1.980159 2.016622 2.079120 2.094629 2.082882 2.080396 2.035628 2.075000 2.092861 2.090506 2.100280 2.184932 2.241596 2.129239 2.123418 2.195949 2.185886 2.180727 2.143386 2.116542 2.105629 2.185911 2.192332 2.216370 2.169001 2.146758 2.151183 2.170031 2.167873 2.196310 2.227069 2.214289 2.266359 2.283057 2.332580 2.254233 2.170919 2.233299 2.146331 2.096316 2.076942 2.136600 2.099553 2.244866 2.266363
2.082182 2.075675 2.068567 2.049700 2.030663 2.017788 2.053114 2.068996 2.077018 2.076983 -9999.000000 2.076664 2.076257 2.077193 2.077971 2.077981 2.031772 1.881749 1.899138 2.067630 2.082930 2.085516 2.062649 2.003391 2.032070 2.073603 2.090927 2.093740 2.143750 2.188240 2.115765 2.082141 2.115016 2.162394 2.209592 2.206840 2.187129 2.187129 2.209404 2.205122 2.190338 2.184021 2.195146 2.216257 2.190849 2.167873 2.174134 2.235573 2.314018 2.337762 2.275610 2.290910 2.282444 2.313081 2.205065 2.174311 2.131968 2.064509 2.068971 2.080696 2.080534 2.224444
2.077500 2.066732 2.071705 2.068658 2.060307 2.057262 2.071513 2.074674 2.076201 2.076935 2.076632 2.076801 2.077280 2.077534 2.077476 2.076023 2.097137 1.968200 1.901455 2.073381 2.103626 2.082521 2.025462 2.023269 2.008268 2.051554 2.076942 2.087505 2.087505 2.150506 2.190990 2.155402 2.133866 2.101663 2.116637 2.164042 2.167669 2.190197 2.203538 2.208241 2.200871 2.204885 2.196609 2.222037 2.246448 2.324029 2.209614 2.254728 2.283716 2.283706 2.257548 2.286961 2.247061 2.259637 2.203948 2.195863 2.215187 2.143501 2.064383 2.078120 2.083798 2.085956
2.076775 2.071599 2.073287 2.071996 2.068180 2.073738 2.073146 2.075320 2.076201 2.076756 2.077845 2.078357 2.079053 2.082013 2.100787 2.143303 2.356816 2.103966 2.005548 2.112226 2.112226 2.193748 2.122129 2.093111 2.057825 2.051823 2.062728 2.073139 2.087249 2.139271 2.172039 2.219430 2.198977 2.158082 2.138317 2.138203 2.158311 2.213657 2.223668 2.220354 2.234617 2.227847 2.255187 2.317029 2.424216 2.549532 2.515502 2.404774 2.416155 2.311211 2.252189 2.244679 2.290817 2.413783 2.376933 2.292953 2.261816 2.211496 2.118414 2.081639 2.089389 2.162760
