code/FB/TestMTT/SampleData/Outputs/testMTT_ELLIPSEDIM_A.asc
NCOLS 84
NROWS 94
XLLCORNER -2098.000000
YLLCORNER 3210.000000
CELLSIZE 30.000000
NODATA_VALUE -1
[rows 56 to 83 of 94, columns 0 to 62 of 84]
0.925900 0.869804 2.522072 2.810894 8.245457 8.232500 0.295955 0.221851 0.221433 0.291895 0.228256 0.287897 0.287897 7.654746 0.831602 0.822629 0.891667 0.833309 2.224712 0.854755 2.191857 2.240269 0.220715 0.204296 0.760163 0.740525 0.784979 0.783439 0.786443 0.764736 0.835700 2.197509 2.202821 2.201938 0.840964 2.351091 2.353438 0.798794 0.841486 0.786481 0.792164 0.797899 0.821521 0.830452 0.826163 0.866436 0.852324 0.920938 0.790131 0.785950 0.854825 0.859895 0.811094 0.774665 0.838275 0.792164 0.776103 0.220360 3.238253 0.270148 2.648252 3.394860 0.762564
0.929511 3.159606 2.835287 2.835287 2.508832 8.200408 0.321059 0.221397 0.242064 0.270666 0.218817 0.785031 0.767515 0.830233 0.885971 0.895960 0.852211 0.781615 0.799177 0.871829 0.845005 2.476273 0.809975 0.204515 0.213648 0.751259 0.822845 0.824160 0.824683 0.831302 2.194760 2.196623 0.841242 0.817923 2.209826 2.202151 0.837434 0.807203 0.816154 0.823792 0.842378 0.873586 0.896359 0.896293 0.882235 0.884715 0.883269 0.904139 1.007878 0.914696 0.884101 0.847722 0.772232 0.818270 0.839828 0.729072 3.154546 0.212397 3.288880 3.178710 2.594888 3.328168 3.460006
2.887881 8.947338 3.611518 2.834435 7.548556 4.150873 0.255129 0.220911 0.271491 2.195328 0.785970 0.788996 0.831899 0.913022 0.931433 0.884896 0.821097 0.714101 0.840875 0.868343 0.840824 2.261946 0.756388 0.219754 0.218863 0.757389 0.786587 0.823508 2.184686 2.186655 0.792701 0.837389 0.841180 2.202369 2.201938 2.209826 0.850112 0.836736 0.807299 0.823857 0.834944 0.863675 1.014254 1.003762 0.895090 0.885126 0.899741 0.915024 0.937460 0.932642 0.870125 0.782590 0.771742 0.800079 0.744308 0.711439 0.711439 0.730063 0.212263 3.304461 0.220479 0.239563 3.323668
3.154055 3.668891 3.546935 4.237885 8.119810 0.000000 0.271741 0.229724 0.290690 2.602037 0.824468 0.874222 0.921716 0.915424 0.894654 0.845356 0.795611 0.640146 0.834084 0.855030 0.795114 0.848106 0.786942 0.732951 0.220541 0.756748 0.760210 2.173099 2.176518 2.181639 0.831350 0.841118 2.202369 2.202592 2.209826 0.824208 0.850046 0.812386 0.824869 0.833321 0.824933 2.250051 2.291829 0.876589 0.999442 0.894838 0.899741 0.899741 0.915566 0.932765 1.020306 0.961733 0.784172 0.812878 0.872735 0.702359 2.112097 2.126197 0.220338 0.219937 0.214264 0.239656 3.344378
3.529076 2.629126 2.831124 0.000000 0.000000 0.000000 0.230009 2.425511 7.825840 2.352231 0.885122 2.443001 2.373421 0.892655 0.830319 0.760671 0.776898 0.661109 0.790995 0.838222 0.822330 0.849100 0.739129 0.729114 0.251733 0.212993 0.767670 0.789142 0.788765 0.825930 0.802905 2.186220 2.193715 2.201938 2.189695 0.789066 2.174944 2.188270 2.386364 2.386364 0.860495 2.277206 2.530066 2.367943 2.376070 2.217163 0.859539 0.960389 0.967968 0.259524 1.005006 1.001780 0.250035 0.901885 0.778851 0.725163 0.217967 3.352451 0.705800 0.757831 0.717275 0.232735 3.362441
0.784261 0.869894 2.805357 0.321035 0.319734 0.293325 0.239775 2.185013 2.353976 0.868380 0.902969 0.910523 0.892224 0.823935 0.763567 0.766818 0.692170 0.742495 0.757201 0.797295 0.822330 0.845761 0.780753 0.748483 0.212369 0.212787 0.776866 0.798796 2.183373 2.176733 0.794886 0.802921 2.183373 2.178376 2.173888 2.192749 0.848826 2.503951 0.793228 0.838166 0.884400 0.877096 0.269469 2.322544 2.249639 2.217163 0.278198 0.271599 0.982861 0.989339 0.958348 0.245504 0.963616 0.935081 0.704745 0.757557 3.445135 0.731051 0.212626 0.711112 0.751891 0.240990 3.415549
0.753427 0.821071 0.780709 0.243791 0.221505 0.271075 0.827455 0.784845 0.784021 0.883469 0.909707 0.893133 0.849958 2.362859 0.754441 0.776039 0.731168 0.736530 0.760671 0.803045 0.788999 0.839589 0.839589 0.759180 0.783791 0.694373 0.211791 0.210151 0.777212 0.782738 0.834056 0.834241 0.798686 0.806034 0.801397 2.246761 0.949979 0.797056 0.827146 0.798743 0.829716 0.988713 0.266478 2.417331 2.452074 2.532759 2.856572 3.173986 2.625204 0.234284 0.972035 0.984443 0.267049 3.962821 0.801233 0.785363 0.767830 0.710595 0.712306 0.745197 0.767505 3.143483 0.827221
0.825408 0.819925 0.223058 0.232225 0.256235 0.269298 0.281836 0.836589 0.823630 0.910200 0.911486 0.837007 0.823825 0.831226 0.831226 0.800098 0.746497 0.803506 0.794318 0.766641 0.771950 0.760257 0.793155 0.733044 0.755169 0.746765 0.728493 0.211197 0.750367 0.777501 2.189695 0.829209 0.828067 0.793072 0.795687 2.239045 2.472265 0.834031 0.886018 0.834106 0.833833 2.809820 2.566266 0.000000 0.000000 0.000000 2.630599 2.959689 3.193130 3.281223 3.363931 0.985644 3.826054 3.832942 0.270550 0.848089 0.804964 0.786853 0.783333 0.811118 0.894488 0.853251 0.804086
0.786169 0.258538 0.214750 0.222581 0.255616 0.265474 0.265474 7.047995 0.871930 0.901157 2.417465 0.878229 0.784112 0.822743 0.757775 0.736145 0.774458 0.768955 0.761202 0.793995 0.766544 0.757953 0.727889 0.760157 0.796488 0.833082 0.829508 0.220371 0.220530 0.777131 0.802830 0.770433 0.795683 0.762706 0.793936 0.795753 0.790442 0.884066 0.841043 2.406857 2.397892 2.780680 0.000000 0.000000 0.000000 2.504107 0.000000 0.000000 7.307804 3.218321 3.313783 3.497536 3.789328 3.578859 3.416702 1.011967 0.260780 0.895864 0.884715 0.844537 0.922715 3.473973 0.668758
0.876080 0.245061 0.299330 0.232379 0.255796 0.253125 0.263442 2.361999 0.876352 2.336927 2.400239 2.216133 2.171083 2.191854 0.835696 0.845465 0.804578 0.765496 2.212901 0.829350 0.829569 0.731830 0.792106 0.760671 0.795314 0.837627 0.780578 0.755604 0.204650 0.215487 0.775705 0.744675 0.766880 0.766880 0.883228 0.834613 0.793143 0.839719 2.750742 2.678404 2.215039 2.801626 0.000000 0.000000 0.000000 0.000000 0.000000 0.000000 0.000000 2.977606 3.148711 3.361649 3.591780 3.367780 3.309390 1.014257 1.024589 0.269884 0.269884 1.022835 0.247112 0.913121 0.897057
0.784625 0.780172 0.302233 0.295009 0.251776 0.281477 0.837175 0.854755 0.868380 2.263329 2.430441 2.550373 2.177473 0.828728 0.831888 0.840082 0.798922 0.842815 0.831629 0.756336 0.788991 0.792199 0.793471 0.760671 0.760656 0.794716 0.718512 0.747344 0.704538 0.210934 0.209208 0.212146 0.213468 0.765333 0.794463 0.795097 0.795376 0.796642 0.789484 0.218709 0.221989 0.828136 2.778013 0.000000 0.000000 0.000000 0.000000 0.000000 2.494747 2.650635 2.650635 3.014403 0.239675 3.200155 3.246485 3.258226 3.223111 3.140356 1.000220 0.259111 0.953027 0.951151 0.891889
2.281683 0.871910 0.261129 0.272319 0.282695 2.216692 0.826555 0.809933 0.797300 0.825514 2.251307 2.341495 0.816323 0.826101 0.828655 0.791416 0.833256 3.291946 3.244415 0.787189 3.188748 3.187088 0.267902 0.792915 0.794868 0.731829 0.751808 0.780486 0.696654 0.212167 0.204220 0.727712 0.210928 0.212137 0.228674 0.228740 0.212143 0.724601 0.216221 0.215933 0.213487 0.213487 0.213683 0.236184 2.925358 2.861031 2.748336 2.623865 0.000000 0.000000 2.697626 2.912870 0.240552 3.102859 3.179034 3.211501 3.196086 3.177803 1.015838 0.954626 0.916814 0.943736 0.864176
2.499166 0.277029 0.275961 0.253764 0.250039 0.860435 0.845739 0.851286 0.835421 2.401068 0.785367 0.836736 2.277151 0.834841 0.823137 0.829005 3.229607 3.231858 3.250738 3.241493 0.825855 0.265962 0.266896 0.831023 0.794349 0.761517 0.716395 0.711929 0.723363 0.707568 0.732483 0.765632 0.751671 0.751671 0.742130 0.735201 0.209734 0.218372 0.787272 0.765734 0.784488 0.789314 0.773602 0.212756 0.208320 2.931531 0.836300 0.864369 2.513745 2.410324 2.590529 2.818079 2.959757 3.061079 3.141923 3.174194 3.207012 3.207739 0.977043 0.976106 3.600200 3.839468 3.903348
0.257221 8.158631 0.272341 0.227730 0.243090 0.864766 0.873768 0.866177 2.391850 2.216667 0.838275 0.751703 0.855129 2.251405 0.831960 0.823963 3.182566 3.229047 3.305351 0.793950 0.828452 0.784562 0.751825 0.792145 0.760820 0.760820 0.772699 0.734987 0.754184 0.793943 0.799094 0.798265 0.818767 0.977344 0.847077 0.813240 0.796731 0.781769 0.807526 0.958354 0.831837 0.966775 0.933667 0.778670 0.206435 0.210274 0.230428 2.404942 2.448496 2.522906 0.000000 2.681635 2.880360 3.023687 3.101604 3.135506 3.156777 3.182333 3.218120 1.003711 3.656103 3.825578 0.222702
0.231511 0.255532 0.228920 0.212793 0.779159 0.876391 0.864364 0.865934 2.187042 2.636065 2.216409 0.760208 0.757041 0.850089 0.816999 0.827920 0.824869 0.787916 2.135562 0.793766 0.792429 0.787213 0.787042 0.787067 0.791547 0.760026 0.737021 0.738077 0.704655 0.763579 0.805665 0.794772 0.939786 0.953539 0.976403 0.835720 0.949623 0.805753 1.016755 1.028231 0.908365 0.994107 0.959030 0.811532 0.753453 0.207002 0.206738 0.821548 2.417752 2.512699 0.000000 2.714323 2.863314 2.989031 3.044376 3.073286 3.073286 3.121843 3.206486 3.370335 3.551642 3.615355 3.367803
0.254849 2.222478 0.220704 0.724978 0.795667 0.860433 0.845884 0.836863 0.836863 0.838223 2.358063 2.248400 0.837108 0.774403 0.772677 0.768073 0.739847 2.244701 2.228164 2.130790 0.723191 0.753145 0.756877 0.757622 0.756779 0.754417 0.794505 0.761595 0.793610 0.767112 0.781449 0.794927 0.829651 0.976424 0.991283 0.857465 0.846224 0.862349 1.054423 0.991127 1.047540 1.022114 0.890449 0.955111 0.921959 0.714525 0.212542 0.224191 0.903123 1.027503 2.482795 2.652616 2.845805 2.917969 3.009237 3.064867 0.239322 0.263681 3.200041 3.337683 3.390154 3.450989 2.732268
0.773954 0.790543 0.834537 0.766395 0.776505 0.836488 0.845739 0.833646 0.823827 0.838078 0.760379 0.850365 0.794827 0.775260 0.759232 0.755097 0.739561 0.792457 0.735154 0.758282 3.189953 0.232025 0.809517 0.728706 0.754987 0.724795 0.789901 0.754212 0.788060 0.833049 0.797205 0.799133 0.807311 0.999751 0.896237 1.035816 0.961678 1.057075 1.049325 1.060864 1.064007 1.059095 0.972386 1.030240 1.001678 0.805241 0.728296 0.213661 0.253610 1.033939 2.600659 2.779321 2.818079 2.719308 2.920224 3.079942 0.239040 3.124160 3.200768 3.268024 3.225559 3.312560 3.412710
0.760674 0.756320 0.791351 0.776337 0.868511 0.903364 0.874251 0.854028 0.845683 0.830898 0.828715 0.800954 0.756958 0.763740 0.760458 2.247553 0.750987 3.152287 0.238688 3.157136 3.205084 3.270610 0.240969 0.703229 0.756237 0.791814 0.796633 0.785654 0.786718 0.772253 0.811804 0.824109 0.830763 0.818224 0.843735 1.013344 0.968135 1.048088 1.042322 1.028135 1.017507 1.013204 1.034476 1.056690 1.025908 1.017349 3.218322 0.735718 0.223721 0.913516 2.634203 0.000000 0.000000 0.000000 2.467016 2.733837 3.004063 3.092224 3.122167 3.185339 3.191348 3.273239 3.388158
0.832356 0.836396 0.795379 0.806696 0.911946 0.915833 0.863760 0.845013 0.836429 2.972864 3.247556 0.264797 0.729116 0.784121 0.723004 0.750756 0.754230 0.727421 0.232539 0.257399 3.212921 3.279846 0.232819 0.728459 0.792704 0.761783 0.801628 0.826907 0.823456 0.791580 0.760165 0.760324 0.735883 0.803047 0.813141 0.831132 2.609170 1.033961 2.923098 0.269460 0.980998 0.959398 0.984944 0.979499 0.979499 0.273992 1.045207 1.079354 0.857214 0.739394 0.213086 0.242967 2.753799 0.267956 2.396142 2.462701 2.816490 3.012825 3.092033 0.239505 0.239078 3.229047 3.350432
0.801592 2.216392 0.835914 0.817723 0.919282 0.894469 0.835229 0.817852 0.824685 0.263633 3.279904 0.265257 0.762480 0.784733 0.751726 0.754447 2.124293 2.134789 3.157023 0.256965 2.577647 0.240509 0.793753 0.757146 0.836768 0.798059 0.763512 0.788587 0.752707 0.789639 0.760390 0.739139 0.743618 0.807299 0.810599 0.810599 0.830987 2.689924 2.668092 2.912870 3.148101 0.942689 0.972347 1.004232 3.380223 0.993352 0.959303 1.042670 0.941568 0.820422 0.763523 0.704234 0.220396 0.215875 1.004299 2.388848 2.599784 2.873930 2.984157 3.067356 3.077053 3.174376 3.282591
0.795290 0.842778 0.760120 0.860409 2.370374 0.860516 0.793353 0.760390 0.794895 0.256916 3.228525 0.263175 3.319347 0.755932 0.753857 0.727608 2.137814 2.225549 3.154558 0.239365 0.231539 0.754935 0.792641 0.757904 0.835444 0.797496 0.796317 0.796317 0.831023 0.785590 0.725297 0.726866 0.760412 0.767276 0.782050 0.817558 0.844176 2.730562 2.695220 2.650635 2.975807 3.149236 3.231858 0.971696 0.916017 0.992042 1.000028 1.025302 0.941568 0.870167 0.969369 0.941356 0.751671 0.216368 0.771406 0.887107 0.933162 2.705988 2.822823 2.959757 3.077053 3.065325 3.212626
0.798760 0.756315 0.761685 0.860448 0.852758 0.822695 0.754064 0.824502 0.783759 3.147635 0.265244 3.297436 2.217752 2.229836 0.758766 0.758563 0.730420 0.757653 0.757653 0.799587 0.231875 0.257646 2.658031 2.128015 0.751495 0.832300 0.760124 0.758614 0.755522 0.833077 0.753079 0.722816 0.729186 0.735556 0.771809 0.801818 0.817013 0.843468 2.779816 2.695220 2.802867 2.530489 3.148421 3.223591 0.972072 0.241465 2.766450 1.002460 3.657895 0.778498 0.780452 0.924893 0.912254 0.211689 0.737551 0.812545 0.843580 0.242648 2.735823 2.891978 3.007515 2.944542 3.120780
0.849921 0.813364 0.781529 0.797002 0.803045 2.195690 0.829233 0.824133 0.784104 3.152287 3.152287 3.177690 2.214265 2.215440 2.141288 0.728116 0.730431 0.730765 0.211567 0.239018 0.212102 0.751913 0.787170 0.722755 0.786790 0.725298 0.728072 0.725733 0.754650 0.792495 0.729407 0.728964 0.723413 0.757351 0.739794 0.761532 0.809086 0.829183 0.843735 0.904264 2.705988 2.803553 3.009876 3.154809 3.162526 3.173892 3.296802 0.243198 3.848294 0.917534 0.876185 0.730581 0.716395 0.212681 0.734988 0.778910 0.795754 0.235001 0.238447 2.924872 2.905801 2.779816 2.874218
0.872383 0.813364 0.796353 0.799517 0.770557 0.823523 2.191417 0.824148 0.824414 0.790408 2.142540 0.752540 0.789296 0.755377 2.130947 0.754408 0.764243 0.735238 0.762596 0.725875 0.724912 0.727170 2.125589 2.130488 2.132132 0.753510 0.698697 0.698871 0.752337 0.728437 0.764736 0.734240 0.698634 0.728996 0.757232 0.792115 0.768164 0.793984 0.809449 0.860104 2.712903 2.718611 2.847216 3.018819 3.081501 3.072470 2.635724 0.889594 4.052649 3.658920 0.219622 0.709556 0.203279 0.214125 0.747938 0.756219 0.764198 0.222107 0.216075 0.223345 2.885606 2.678637 2.625452
2.385657 0.854953 0.795311 0.763362 3.206853 3.088252 0.265211 0.786831 0.753711 2.125308 0.751269 0.752775 0.728282 0.728374 0.727367 0.729152 0.761749 0.733948 0.762251 0.756086 0.701648 0.756086 0.759236 0.756101 0.784190 0.750902 0.750741 0.750757 0.751621 0.703663 0.712014 0.762676 0.724062 0.752630 0.785084 0.787015 0.724763 0.761180 0.785603 0.827429 0.866383 2.753584 2.722938 2.841668 2.951104 3.028759 3.162526 0.227034 4.158874 3.802667 0.208503 0.209184 0.206186 0.214656 0.214656 0.214525 0.739897 0.772736 0.223556 0.213687 0.710266 0.756114 0.854771
0.898058 2.346917 3.235443 3.129205 3.232258 3.166105 0.265745 0.259708 0.760303 0.761595 2.130385 2.127978 0.758717 0.728218 2.129292 0.726981 0.700019 2.125564 0.724830 0.785099 2.144552 2.134270 2.214319 2.215666 2.133508 0.750709 0.724530 0.723224 0.785475 0.726937 0.707586 0.795881 0.756278 0.699707 0.752688 0.784979 0.757211 0.744839 0.796797 0.837981 0.831027 2.778492 2.731763 2.731763 2.796978 2.919834 2.787313 3.077053 3.647776 4.149312 0.770148 0.684939 0.215914 0.706621 0.205860 0.707041 0.215940 0.760204 0.213661 0.211551 0.723523 3.003073 2.573289
2.276241 2.354784 3.148421 0.266030 3.216327 3.203499 0.258904 0.260730 0.762412 0.762694 2.126392 0.700890 0.700427 2.125710 2.217777 0.752579 0.752428 0.754461 0.735105 0.830136 0.770903 0.763184 0.760639 0.729987 0.763560 0.723522 0.724734 0.723413 0.784011 0.724601 0.729558 0.793054 0.729296 0.724604 0.732178 0.821663 0.752625 0.752625 0.788771 0.797083 0.237117 0.795123 0.811437 0.860480 0.243438 2.696715 2.696914 0.242801 3.450430 4.042120 0.891996 0.718882 0.707080 0.727330 0.211879 0.213705 0.736002 0.757050 0.750729 0.752589 0.218625 7.114654 0.000000
0.819950 0.827456 3.120555 3.176552 3.180582 3.190047 2.625945 0.260730 0.732002 0.764948 0.761296 0.756688 0.754064 0.828960 2.134340 0.751484 0.757598 0.739431 0.771656 0.781331 0.775101 0.769592 0.794171 0.760553 0.770057 2.127443 0.724489 0.751479 0.752627 0.752627 0.724133 0.755087 0.731696 0.707182 0.731965 0.744839 0.792154 0.823805 0.767556 0.790459 0.797205 0.804062 0.803876 0.824551 2.788900 2.690395 2.743383 2.689924 3.236058 3.851492 0.992381 0.847889 0.764917 0.749217 0.706885 0.205191 0.210238 0.214667 0.211549 0.752770 3.229047 2.670185 0.000000
