code/FB/TestMTT/SampleData/Outputs/testMTT_ELLIPSEDIM_C.asc
NCOLS 84
NROWS 94
XLLCORNER -2098.000000
YLLCORNER 3210.000000
CELLSIZE 30.000000
NODATA_VALUE -1
[rows 0 to 27 of 94, columns 0 to 61 of 84]
0.627096 0.697029 0.763796 0.761720 0.683070 0.789484 0.966646 1.156283 0.879785 0.847375 1.040311 0.975916 1.110584 1.114106 1.115784 2.958480 0.943121 0.945442 0.809273 1.069752 15.140383 0.738901 0.711451 0.736453 0.719643 0.788324 0.801244 0.846653 2.114014 0.878220 0.743831 0.574054 0.442351 0.191102 0.203330 0.205291 0.205620 0.226255 0.791743 0.662716 0.668760 0.796944 0.902313 0.838057 0.820814 2.768102 15.161433 15.105886 14.895462 14.740922 14.634794 14.367901 14.505485 0.870189 0.870189 0.972297 1.170089 1.025680 1.072508 0.929735 0.934820 1.156828
0.697109 0.764184 0.702629 0.703432 0.833548 1.186609 1.207557 3.076618 0.735437 2.264923 1.024262 1.079939 1.110584 1.114106 1.088357 2.598266 0.866534 0.889886 0.967860 15.268272 15.199604 2.395864 1.686968 0.786296 0.732564 0.733649 0.739074 0.778646 2.080065 0.769132 0.534090 0.484726 0.444345 0.657732 0.219303 0.225570 0.205404 0.225391 0.225625 0.255427 0.675379 0.826534 0.825392 0.788901 0.898311 2.800059 2.800059 7.650516 14.957177 14.819773 14.713710 14.684537 14.711460 1.161240 1.026579 0.983203 1.152801 1.015386 1.049966 3.853711 0.899677 0.903265
2.084149 0.752261 0.792751 0.861817 1.055552 1.098260 0.922001 2.300107 2.230623 2.278089 0.869884 1.079939 1.085141 1.086774 2.595731 0.866534 0.944301 1.091372 0.913869 0.290908 2.357726 2.426898 2.202769 0.475332 1.648234 0.665564 0.703033 2.126298 0.506904 0.564948 0.490296 0.404085 0.540833 0.567347 0.236483 0.252169 0.252779 0.205078 0.188567 0.226029 0.437624 0.265364 0.782577 0.773064 0.768513 4.279113 4.501634 15.319206 3.183805 14.801770 14.663707 14.693261 0.983501 1.204605 1.038770 1.103432 0.983380 1.010527 1.072837 0.911251 0.875460 1.069411
0.794112 2.284204 0.851027 0.828748 1.053124 1.037317 0.792610 2.230623 2.288278 0.858227 0.891841 1.078105 1.061553 0.864109 2.558705 0.963928 0.989226 1.115784 0.934962 2.632513 2.518634 2.668831 0.473387 0.252504 0.472063 2.013219 0.699235 0.646359 0.515832 0.515832 0.297081 0.000000 1.805314 0.394071 0.477147 0.614780 0.220260 0.204283 0.205391 0.253470 0.346181 0.239377 0.885739 0.838612 0.908567 3.433758 4.617242 3.446343 3.160363 3.200068 14.581435 14.699254 0.829307 1.015277 1.066264 0.944030 0.919469 1.008893 0.776732 0.754383 2.504805 2.562708
2.396834 2.363463 0.807270 0.893762 1.015158 1.074286 0.920733 2.525211 2.296231 2.580924 2.325309 2.581898 2.551839 2.556484 1.042352 1.088357 3.127284 1.042801 2.719944 3.487984 2.361743 2.361743 1.796621 1.550526 1.224519 1.437774 1.734429 0.514844 0.472063 0.329347 0.000000 0.000000 2.762703 0.464064 0.557325 0.594344 0.195268 0.186409 0.205391 0.253470 0.290941 0.260530 0.977279 0.928764 3.199859 2.937405 1.104882 3.496494 4.107052 1.044387 14.581435 14.663391 0.827048 0.796903 0.976913 0.902753 0.876622 1.230108 0.965420 2.258647 3.054188 3.099378
0.868863 0.966672 0.966672 0.996092 1.079702 0.883443 0.839224 2.533282 0.804568 2.253303 2.500750 0.821343 0.821343 0.841702 0.862839 3.000780 3.065570 1.143628 1.044510 0.981275 14.963900 14.721253 1.081936 1.219417 0.418798 0.440795 0.510284 1.481492 1.235399 13.100732 12.954256 3.459174 2.097851 0.476591 0.566143 0.659686 0.188069 0.199871 0.205391 0.226253 0.618394 0.437062 0.237620 2.672091 2.712909 3.448139 3.534585 4.462590 14.552310 3.854699 0.944149 14.663132 0.988272 0.820286 0.780387 0.865928 0.983228 0.805445 0.837243 2.883290 3.056128 0.876292
0.844067 0.993131 1.089352 0.893762 0.893762 1.049747 0.854009 2.537216 0.789102 0.792894 0.736418 0.816694 2.309268 1.038365 0.822551 1.115784 3.127284 1.143628 0.939723 15.069055 14.788529 1.591985 13.019807 13.542463 13.698743 13.711600 13.766819 0.744968 13.367079 0.000000 13.369475 3.691743 3.071468 1.926742 2.077584 0.772581 0.725423 0.218417 0.225541 0.226253 0.345490 31.294188 0.348908 0.367400 2.792170 3.331089 3.374082 3.488175 2.674705 2.400281 0.704779 2.307334 0.851282 0.817611 0.923118 0.825228 1.192931 0.801699 2.955103 3.937636 0.284426 0.250212
0.859606 0.984889 0.952526 0.927670 0.907363 2.788549 2.473553 2.211055 0.717633 0.794112 0.811584 0.851297 1.035508 1.060028 1.086774 0.967537 1.041032 3.004514 15.125774 14.868106 14.305361 12.959702 0.000000 13.426900 13.398085 13.433422 13.617043 13.684299 4.061687 13.668563 6.248979 11.619964 3.338533 3.631525 2.787421 2.387389 0.721618 0.733212 0.221860 0.226006 0.226253 31.291410 0.620885 0.375118 3.463558 2.643977 3.308891 3.621037 3.405844 2.463460 0.683563 2.202991 0.839492 1.041664 1.038620 3.018051 3.018051 3.033911 2.525603 0.843636 0.245181 0.249604
0.901257 1.077082 1.027326 0.889084 0.974064 2.442831 2.186080 0.715446 0.816778 2.278089 2.321920 1.027671 0.935213 1.063033 1.115784 1.173520 0.309731 15.007225 14.861274 14.640382 22.954588 12.286490 0.000000 13.206508 13.304031 13.415504 13.635827 13.734906 0.854473 14.057251 3.674241 3.493138 2.721428 3.819131 0.803577 2.399554 0.640025 0.793858 0.195885 0.225189 0.253470 0.435500 31.334797 2.825763 3.406005 4.215046 3.478118 3.243062 3.243062 3.359924 3.035977 2.007545 2.102830 0.826192 0.892858 0.893333 2.428243 2.376695 2.461938 0.285609 0.288333 0.252944
0.993131 2.889427 2.794938 0.981045 0.881506 2.454870 0.791951 0.735437 2.567818 2.288278 2.284317 2.539066 2.889778 1.088357 1.177260 15.177596 0.262397 1.191277 14.498071 13.796998 12.909634 12.107870 0.000000 13.019807 12.946045 13.239003 13.572674 13.715384 4.465051 3.667000 3.072266 3.013340 3.917132 3.908748 2.879196 2.815083 2.294540 2.327501 0.207622 0.222531 0.222531 0.226253 0.290738 0.436419 0.302707 0.841057 2.960973 3.743194 3.095475 3.187083 0.764083 2.553709 2.222356 0.819000 2.538623 0.873437 2.320955 2.884032 0.335660 0.435041 0.436417 0.346301
0.837353 0.918385 1.025351 0.942715 0.864549 0.861354 1.038168 2.355678 2.792144 0.783250 0.734090 2.276986 1.043600 3.080171 1.153291 14.850440 18.921043 2.212748 1.919685 13.333220 13.002720 12.519481 12.662113 12.699687 12.888240 13.116493 6.147272 4.425428 2.640660 4.001267 2.570983 2.570983 4.003081 4.072518 3.037104 2.721900 2.054870 2.767602 2.782320 0.601253 0.218881 0.226012 0.290738 0.435662 2.574388 0.784463 1.130574 1.125971 2.875700 0.880953 2.237561 2.619127 0.775599 0.813757 2.480933 0.845092 3.844163 0.000000 0.432906 0.254210 0.620569 31.336983
0.949753 0.952624 0.891058 0.961497 1.059945 1.146088 3.035190 0.937931 0.734436 2.361140 2.395601 0.891021 0.856872 0.882213 15.037290 14.306203 13.635827 13.374390 13.374390 13.530435 13.333387 12.740745 12.699687 0.000000 12.878402 13.140559 3.853201 4.421884 3.681057 0.818905 3.165724 2.486829 3.048581 3.304663 2.566551 2.245274 3.531221 3.622919 2.044698 0.700163 0.234309 0.204411 0.345490 0.435500 0.890306 0.961156 1.127205 1.067200 2.737252 2.556012 0.810314 0.740886 2.165200 0.774821 0.244137 0.283733 0.430177 0.000000 0.435410 0.254830 0.295449 2.620878
1.042801 1.007276 0.964545 1.044229 0.965880 0.863371 0.863422 0.763083 0.689770 0.890595 0.910740 0.937989 0.863816 24.923891 14.820848 14.380179 13.622571 13.164608 13.418349 13.639650 13.694838 13.275060 12.693175 13.143873 13.450609 13.517411 13.824264 2.545385 2.936009 2.528574 2.546140 2.981568 2.481635 2.881476 2.818849 2.537253 2.265327 3.599751 1.845051 2.477200 0.311975 0.251171 0.253470 0.253470 0.888934 0.961156 0.947821 0.847199 0.833173 0.718996 0.838601 2.220637 2.052177 0.260158 0.431309 0.253178 0.290738 0.435500 0.291119 0.263462 0.266123 2.650227
0.951161 0.998294 1.053481 0.871889 0.301103 0.280220 0.280220 0.258864 0.716642 0.672359 0.870306 0.787042 0.920397 14.935972 14.830103 0.554554 13.348813 13.205123 13.207092 13.614158 13.454842 12.930388 0.000000 13.785545 13.893245 13.843863 4.430931 2.720073 2.457673 3.115626 2.537513 2.449623 0.876734 2.812323 3.034978 0.917337 2.452459 2.199579 1.921549 3.252986 2.670720 0.341214 0.345490 0.290738 2.559385 0.959290 0.856971 0.884878 0.914202 0.704577 0.801735 2.688761 2.756952 0.609226 0.618055 0.345490 0.345490 0.436629 0.259073 0.911366 0.883445 0.837601
2.489967 0.851837 0.999400 0.981168 0.980779 0.951101 0.235705 0.241651 0.684495 0.793489 0.699196 0.731949 0.795943 24.753550 0.690127 0.764270 13.205123 12.905066 13.005181 13.562072 13.400631 0.000000 13.433422 6.595186 14.171248 14.256711 4.844611 2.914934 2.519553 3.122338 0.865921 0.851139 2.548586 2.802749 3.122937 0.762628 0.685865 0.756746 1.936363 1.673631 3.514940 0.428842 0.435500 0.345490 4.072518 0.844573 0.887283 0.792894 0.882577 0.835776 2.217365 2.621336 0.426836 0.434265 0.345490 0.435500 31.334166 0.632348 0.890350 0.890350 0.920767 0.887615
0.756005 2.119241 0.920729 2.742992 0.971275 0.921646 0.877311 14.677719 0.661449 0.733486 0.568015 1.746823 0.758494 2.551287 2.240015 13.652609 12.886967 12.749521 13.239003 13.635827 13.530435 13.470746 13.844246 3.655425 1.039602 2.277573 0.850543 2.481914 0.852074 0.869901 0.852789 2.545151 2.545872 2.724285 3.162781 0.945410 2.497213 0.684708 1.909473 1.698721 3.569791 31.183258 0.345490 0.226253 0.789327 0.921997 0.754060 0.832722 0.846992 2.352361 2.352361 2.800727 31.179819 0.253057 0.291017 0.435751 31.326792 0.000000 4.488858 1.072302 0.970743 0.786802
0.845318 0.741762 0.788447 0.774224 0.880549 0.936886 0.785091 14.701709 0.620509 14.310218 0.509635 0.384855 1.980765 1.193791 2.685391 13.470746 12.852679 13.143873 3.840177 0.000000 2.891835 3.090312 3.433341 0.733808 0.813134 2.398846 3.110499 3.113354 0.790642 0.792945 0.764632 3.140499 2.534217 0.922875 1.122634 2.766000 0.864591 2.041827 3.475762 3.415642 14.505485 0.612793 0.612793 0.290530 0.253470 4.076820 0.897931 0.921315 0.796824 0.742878 2.397999 3.896656 0.290688 0.254608 0.292679 0.000000 0.633594 3.485951 3.729613 1.058459 0.835123 0.828534
0.845318 0.664666 0.697157 0.761297 0.807457 0.854629 0.796006 0.826742 0.564336 13.999952 1.136950 0.344349 0.558602 2.095657 2.685391 13.635827 13.401600 2.667799 0.667094 2.685313 3.127112 3.461750 3.706609 0.882606 0.762869 2.388330 2.528811 4.060351 2.302141 0.713572 2.502846 2.568008 2.517783 0.799479 0.799479 2.919527 2.883084 0.884411 0.754383 2.625227 3.499852 0.589068 0.612089 0.253102 0.290738 2.558694 14.433698 4.071021 0.875930 0.755833 0.280333 0.248854 0.000000 31.366024 0.000000 31.645321 3.483857 0.901617 0.948986 1.003142 0.906558 0.916487
0.759008 0.544772 0.665722 2.145609 0.901154 0.798744 0.805803 0.739217 13.726188 13.161615 13.336669 1.425912 1.662002 0.598874 14.150681 14.026259 3.221280 2.922637 2.584555 2.855288 1.002563 3.756557 0.811390 0.915608 0.895215 0.895215 2.389281 2.456773 3.123675 3.008373 2.525815 3.026701 0.768600 0.847558 2.541035 3.336925 2.881476 0.970322 2.441342 3.678538 3.528232 3.836028 0.339019 0.344146 0.290414 0.617108 31.261766 31.248655 0.432790 31.235231 0.616286 0.345733 31.511278 31.486830 31.538210 4.399162 0.967860 0.866534 0.835780 0.847733 0.804860 0.734652
0.701504 0.524258 0.710671 2.122380 0.940354 2.779314 0.910475 14.633745 12.528849 12.070392 12.983871 13.451837 13.482993 13.752585 14.063801 1.088466 1.013494 1.013494 3.183085 2.759620 3.247220 1.066465 1.131645 0.997233 2.668794 0.958711 2.458605 2.220637 3.079543 3.139674 0.936845 3.075320 0.771696 0.778216 14.094210 4.146085 3.456531 3.487666 4.131248 3.891164 3.621427 3.844163 0.849761 2.533484 0.343261 0.432822 0.433464 31.263062 31.276159 0.000000 0.618683 0.348209 15.196027 4.232135 3.206675 0.898492 1.018067 0.788453 0.773729 0.750195 0.822224 0.928862
0.656749 0.528746 0.634803 0.718058 0.949010 15.079439 14.846131 14.153661 11.717757 11.717757 0.000000 13.068766 13.530435 13.563378 2.892279 3.418849 1.123463 3.736144 3.559715 3.161877 0.904742 0.871176 0.944915 2.520207 0.956626 3.466324 3.985253 1.923998 2.447403 2.708803 1.054649 3.124573 2.174540 2.622711 2.357445 2.498380 0.999344 3.453191 3.345361 3.947424 13.726871 2.311766 0.713877 0.761452 0.249396 31.266510 0.618023 0.435153 0.435153 0.345184 0.347491 14.750637 3.103087 0.931612 0.783696 0.767088 0.944301 0.820814 0.948345 0.934416 0.875971 0.989030
14.526278 14.225519 0.531820 0.505311 1.948494 1.049927 15.075765 14.691262 13.256760 0.000000 0.000000 13.091268 4.071046 3.180785 3.097456 3.534510 3.726606 3.893909 3.799422 3.487848 3.333423 1.023202 1.158008 2.555135 2.864491 2.932946 3.046558 1.908270 0.809939 2.715965 1.092939 0.952798 2.388330 2.674283 2.692714 0.724588 0.902508 0.865054 2.646945 0.795759 2.806605 0.767678 0.799195 0.278464 0.284906 0.000000 31.292599 0.345850 0.346602 0.350188 0.304930 3.500817 0.960547 0.899198 0.839177 0.899119 0.850336 1.000442 2.764958 0.950341 2.864188 2.864188
14.600697 14.102922 0.444436 0.338240 1.807457 2.350122 15.016648 14.501593 13.655056 12.690956 12.646829 2.330224 2.971298 3.360666 3.389199 0.835829 1.062346 3.926360 1.173621 3.720283 3.474448 0.965681 3.869334 0.919728 3.667427 3.510867 2.518850 3.492093 2.180660 2.563655 3.307978 4.375797 3.069892 0.710088 0.608485 2.264703 0.885725 0.906886 0.869269 2.352361 2.957574 0.821692 0.274301 0.337245 0.000000 31.291410 31.313911 31.336794 0.629847 3.363217 3.575599 1.052873 2.739931 2.739931 2.514141 2.337236 0.888849 0.899454 0.985595 3.002801 3.333839 3.293247
14.662930 13.913682 13.713060 0.963608 0.358434 0.898026 14.848357 14.444288 13.995018 13.690275 2.529338 2.550713 2.870382 3.474948 1.032892 0.846404 3.687768 0.828033 1.189741 3.898545 0.854665 0.934291 3.865083 0.993764 4.694176 3.490687 2.557571 2.136824 1.950220 0.839130 3.105997 4.303185 2.588187 3.648638 3.472425 2.904837 2.549346 0.906886 2.504805 2.488092 0.247968 0.220701 0.286841 31.272980 31.272980 0.619214 0.348614 0.440903 0.629112 2.723697 0.934739 1.076316 0.850129 0.896955 0.869823 0.725423 0.890569 0.985255 3.407394 3.686179 0.973671 0.826048
14.571306 13.600250 13.551903 13.252048 0.786539 2.357508 14.629662 14.444288 2.731479 3.474606 0.936076 2.875068 2.797603 3.403355 0.879462 0.754454 0.907626 0.955103 0.991680 0.874443 0.902080 0.764072 2.450779 3.512850 2.882518 0.961993 2.594349 2.870027 2.370776 2.142790 2.415170 3.179838 2.635644 0.805962 2.767828 2.416107 2.416107 0.784658 0.878795 3.093625 3.088579 0.223746 0.223549 0.253052 31.296556 0.623540 0.297696 3.206675 3.238276 0.948639 0.744002 0.751522 0.670016 0.889930 2.548746 0.881352 3.165696 2.894506 1.133446 1.089890 3.280206 0.936886
14.214794 13.398085 13.440237 13.206508 1.197230 1.563692 2.310544 14.508535 2.383329 2.845866 0.768602 0.770126 2.943605 3.269941 0.857341 0.691875 0.669677 0.796368 0.843202 0.902109 0.787085 0.685643 2.556640 1.110863 3.158834 0.860567 3.244752 3.244752 2.445131 2.553709 3.485337 2.827105 0.877627 0.913719 2.498380 2.349319 0.838509 0.774300 4.035772 31.222641 3.098324 0.880600 0.225325 0.345901 0.000000 4.127079 0.920388 0.930255 2.736323 0.863585 0.757242 0.746882 0.210060 0.228296 0.206753 0.295155 2.699410 2.768102 1.015001 2.839753 0.951062 3.293212
13.736363 13.510047 13.398085 13.290102 13.310355 2.119268 0.857493 2.108182 0.798959 0.859883 0.887257 0.751294 0.808655 0.768026 0.971786 0.889184 3.576778 0.872285 0.831206 0.831206 0.886401 2.910992 0.765740 0.959598 3.092676 3.061008 0.787520 2.656610 2.538762 0.741855 3.680881 2.863494 0.860986 0.888601 0.775715 0.813134 2.404891 2.504805 4.039496 2.538320 0.884112 0.886267 0.291053 14.871324 0.000000 0.262529 0.264828 0.279836 0.295323 0.314254 0.271306 0.260249 0.217533 0.213027 0.209572 0.213523 0.965408 0.787827 0.947002 2.726416 2.724285 2.734442
13.735557 13.616846 13.433422 13.498159 13.840044 0.859808 1.034549 0.772946 0.726409 0.822622 0.870145 0.870145 2.346285 0.824014 0.730074 2.782601 29.232029 3.411966 0.870192 2.392462 2.491787 2.941231 2.453773 0.996092 1.111193 0.821306 0.714331 2.560480 4.063731 3.773332 2.283551 2.408215 2.420203 2.488085 0.759004 0.827794 3.020444 14.338843 0.782834 0.786251 0.789881 4.076570 0.000000 0.000000 0.627498 0.860654 1.063033 1.225142 1.289780 1.186032 2.656262 0.912691 2.669847 0.831190 0.626657 0.195095 0.214813 0.216737 0.821924 2.656222 0.982247 2.743333
