code/FB/TestMTT/SampleData/Outputs/testMTT_INTENSITY.asc
NCOLS 84
NROWS 94
XLLCORNER -2098.000000
YLLCORNER 3210.000000
CELLSIZE 30.000000
NODATA_VALUE -1
[rows 25 to 49 of 94, columns 0 to 56 of 84]
2728.174805 2582.766113 2592.021484 2553.380371 330.508545 393.167786 518.786499 2776.990234 1954.947998 622.696655 301.617065 310.361969 660.744934 717.094666 333.535156 279.583038 272.068756 311.746460 322.019409 336.278687 308.199646 281.477112 562.854309 393.116180 674.150635 326.198700 687.996826 687.996826 546.576782 582.390503 758.972107 627.503845 331.284973 339.285004 554.330994 533.599731 322.654724 299.046448 843.658936 3357.789551 667.398315 332.167389 23.798794 34.119484 0.000000 854.569153 340.329742 342.804138 588.577942 319.981079 287.441284 284.792999 22.305973 23.958462 22.084389 29.686565 582.344666
2640.583984 2601.054932 2582.766113 2565.841553 2572.564453 505.631439 330.953918 1786.738281 307.827209 324.526917 332.599487 293.893188 316.517151 300.610626 367.839081 348.652069 773.323425 338.983795 320.595490 320.595490 332.507904 638.273865 303.250763 347.116638 648.887268 662.870972 309.024231 577.176208 559.124512 296.825562 790.450989 633.464966 328.037781 333.438354 298.369598 315.492218 541.787781 556.221497 844.092957 560.729309 332.764099 333.202881 29.438852 2840.623535 0.000000 26.794832 26.963121 28.094252 29.165438 30.861055 27.499058 26.662094 22.871790 22.535475 22.287260 22.542713 351.834747
2639.400146 2619.014404 2588.468018 2601.145020 2663.771240 341.396088 390.506226 302.056549 285.127777 309.779602 321.917084 321.917084 1921.981445 316.548187 290.517578 630.672546 3165.683350 743.478516 337.536407 540.160522 554.640137 643.974060 548.283142 358.239044 394.130432 317.344696 289.380798 562.564331 845.920227 803.371826 521.597656 542.224670 544.519348 553.733337 294.192139 318.827087 656.417236 5225.029297 300.629211 301.342194 301.966644 848.308105 0.000000 0.000000 57.671692 318.962036 379.521790 427.292053 445.780243 416.368073 576.869507 338.856506 579.245972 311.990753 247.370605 20.973143 22.628468
2647.930908 2641.634277 2641.634277 1286.429688 509.976562 1942.464233 374.973694 286.837097 243.894867 267.003296 327.370361 379.916382 343.618317 372.307770 280.462280 712.808777 294.542664 445.484741 486.010498 527.379211 533.374146 311.857788 664.129883 705.608643 393.756775 324.507477 603.412903 656.840027 863.005249 810.321655 634.355225 822.536194 643.517700 545.082886 326.631805 554.554504 663.747559 845.750427 26.226862 334.038055 671.345337 0.000000 0.000000 3606.493652 30.035513 389.860016 381.910065 506.188904 746.101562 632.825439 661.705994 554.380371 574.798096 311.505432 303.470398 302.515442 23.963177
0.000000 0.000000 2698.372559 893.278687 594.597351 399.550201 263.944916 261.410614 242.236755 250.847046 1882.554565 432.325653 342.987244 367.961639 275.176208 249.541092 2733.666260 549.452271 470.237640 290.963898 298.624634 300.449615 328.780914 336.076996 600.133789 568.691101 631.089783 829.632202 562.409729 314.287659 627.969543 648.444946 654.474243 553.340027 25.864763 29.222870 41.595161 29.404341 34.238010 0.000000 0.000000 0.000000 57.677647 27.037418 298.914856 391.582123 767.152161 853.910461 386.746521 327.136414 547.684937 548.014038 307.926788 307.319366 299.354828 299.354828 272.908905
1281.220947 2766.562988 2749.961670 3289.787109 805.819519 280.394623 1626.687012 1577.632324 269.210968 270.678375 330.170502 379.815430 347.703949 285.851257 295.051971 2744.952637 2754.636475 675.961975 508.510040 291.156952 287.400177 282.619019 260.066406 297.694946 306.030151 311.443298 545.378784 643.254089 326.675934 315.284851 313.935852 28.878551 41.540733 41.493084 26.061569 26.149250 26.183208 23.874853 0.000000 0.000000 0.000000 30.040668 577.371765 591.872253 390.175018 704.487000 704.487000 429.582611 691.835999 640.021118 347.747437 272.564056 302.517670 339.315582 305.795868 299.333832 271.413422
245.886749 641.765930 825.436829 1438.041992 855.218689 842.158325 292.828613 306.070831 269.078827 364.659973 345.885376 333.876953 347.703949 358.871613 2763.534668 2724.944336 340.242126 501.320129 636.269775 618.910461 489.146729 484.405029 266.323517 275.473724 274.435364 284.562683 293.172241 303.250763 317.722565 317.320129 33.901680 41.673161 3362.714111 3362.689697 3363.142090 3363.208740 3363.555176 3366.655273 0.000000 1053.345459 3379.677246 34.627663 341.145447 577.756836 372.393951 690.473022 665.543579 401.489655 653.297119 385.803711 347.520905 332.816071 335.635406 338.096710 304.967712 329.479156 325.764587
487.643524 4686.316406 755.549072 833.718811 867.186829 869.405579 836.342529 311.454742 349.887909 311.024078 331.939178 323.959076 347.522919 542.812744 2753.212158 2724.944336 858.848999 790.493652 803.824097 779.447388 794.651489 6462.788086 509.883514 289.999664 263.178101 277.847534 328.011475 308.002869 25.485914 29.152344 41.699577 0.000000 0.000000 0.000000 41.716946 3363.340088 0.000000 0.000000 3399.618652 3955.313965 869.131409 310.666595 337.158936 341.603516 352.661285 434.992126 646.788147 634.928955 385.944244 361.340057 323.211151 337.035400 571.234497 306.392670 303.744293 329.479156 296.927917
1229.473511 843.358643 702.983337 329.738098 334.206543 387.722961 365.291107 357.597931 360.276306 354.501892 330.763519 345.196503 345.121124 323.565857 277.456451 327.991669 747.084473 804.860779 814.984863 786.767883 808.460449 808.460449 824.075195 535.068298 502.679626 315.338776 275.601379 273.039459 40.913921 41.563049 0.000000 0.000000 3363.313232 3363.713135 3364.390137 41.893444 3376.130615 3390.344482 369.116974 310.025787 306.174988 270.372223 562.797485 567.388733 351.519043 375.460938 361.156799 383.380981 395.300629 414.196838 332.731995 291.587128 586.021423 568.908630 560.119446 330.716309 298.326752
482.168732 246.544281 5611.755859 765.685303 371.506348 327.506653 363.435883 429.592896 836.721863 429.054382 364.790924 671.951843 346.185303 346.185303 555.813110 503.311707 579.825195 759.701233 804.436829 534.907654 808.028809 832.242859 330.107574 323.359833 269.139404 319.238495 21.765253 23.522186 41.482971 0.000000 2837.037842 3363.196045 3363.718750 3369.272705 3371.164795 21.692108 338.013733 616.848511 330.825623 603.751648 596.330566 572.949402 549.915344 302.299957 333.138214 305.554901 314.658630 384.535461 413.089355 800.154480 675.673218 382.911499 607.031189 573.045288 563.349121 330.930206 330.716309
310.513947 486.010498 1063.969971 817.086182 359.773804 359.773804 320.661591 430.958679 363.059387 835.963318 1206.464722 818.843262 558.602783 2855.597168 556.807129 620.073303 787.688354 758.087769 768.218567 515.493591 538.921265 331.939178 336.668732 544.508423 527.255554 543.998779 23.421562 29.291410 3362.251709 0.000000 0.000000 0.000000 0.000000 0.000000 27.332405 23.577599 338.807739 370.459045 357.190582 585.775085 579.235168 563.786804 541.095520 553.879639 283.157562 307.416412 316.226501 383.467926 375.523712 727.705322 1141.569702 662.079712 388.460510 582.069946 570.302185 562.843201 332.816071
446.517242 722.915222 320.099182 549.824951 593.645203 505.344513 1719.335938 305.426819 417.927887 325.760101 328.757141 544.380493 666.350952 580.696472 6984.392090 808.502319 789.271240 746.447571 542.151611 497.649170 288.792236 305.742645 337.702301 315.380463 644.026489 656.677917 33.832527 3361.913086 3363.025146 0.000000 0.000000 0.000000 0.000000 731.521423 325.864990 26.927578 23.761627 366.340851 289.560425 340.405090 283.935913 563.302856 320.685425 322.471497 335.535858 307.260406 341.491791 369.138397 386.746521 836.291077 820.410217 687.782043 782.669556 617.117981 575.225769 339.001892 302.746674
897.926270 2945.546387 624.046631 463.997498 244.551651 256.647034 314.123993 801.409241 1200.140259 369.035797 323.875519 326.795837 332.057739 342.964966 668.786316 636.622375 762.009705 533.570984 439.779816 298.424896 296.543884 568.122314 332.584991 552.590576 33.586708 33.868206 3362.007080 0.000000 2837.699463 3363.340088 3366.576660 0.000000 3199.629883 681.799622 279.599731 273.509247 22.292284 27.476877 327.335205 318.483948 340.405090 332.468597 320.099182 319.774384 333.579742 306.539154 345.273315 365.450592 631.567322 631.567322 669.281250 832.987915 978.428345 8315.628906 970.411987 605.606567 572.757568
515.119446 2956.507812 2077.622070 254.000351 305.146149 738.242004 787.226257 3325.299072 1976.325684 2967.114502 10213.380859 303.178955 291.279388 335.488312 846.983521 631.455322 531.436707 422.063293 270.859985 285.844391 300.866028 849.980286 667.111694 843.049072 33.885464 41.663631 0.000000 1047.487061 0.000000 0.000000 0.000000 3438.514160 843.140320 360.239105 305.794342 534.250061 26.046120 26.019642 309.216217 347.927643 347.927643 312.841766 300.027435 316.787811 287.667267 257.719666 309.564545 694.045654 620.545410 743.487976 651.020508 785.386536 978.428345 761.095825 683.988403 633.750610 815.978455
1646.063354 2947.781982 1821.202759 536.707214 273.293915 335.695953 817.911316 2118.893311 3102.776611 2797.258545 2768.238770 2758.604248 309.373230 285.687836 641.008667 568.985291 2713.815674 589.666687 633.905212 296.343445 669.462341 3362.677490 3639.077148 34.019218 41.673161 0.000000 3363.114014 0.000000 3363.721680 0.000000 3394.766357 772.461243 772.461243 452.364227 378.127625 334.227783 535.421509 647.821655 29.235334 27.939747 319.049683 324.781647 301.075317 289.218201 265.935364 343.048462 355.795837 353.869812 730.736694 783.774292 798.413269 431.541870 661.634460 699.384460 731.233337 635.156738 714.914673
531.064758 3499.738770 3400.549316 1042.499634 308.199646 423.101471 656.931946 1974.925781 2802.571533 2761.775391 2766.562988 2742.702148 2639.511230 247.299759 5523.464844 2685.399170 524.705933 532.549500 658.179382 331.464752 669.452637 3362.377930 3361.027344 41.715736 41.715736 0.000000 0.000000 3363.340088 3363.666260 0.000000 0.000000 622.547119 328.757324 378.742828 593.329285 306.495972 327.909790 311.930939 542.758301 26.657248 269.287231 325.901001 304.065948 332.548370 332.109955 698.521912 611.416565 591.559814 630.198120 813.382690 740.010193 706.759277 586.021423 349.701111 885.741211 914.984924 3493.393555
523.932434 2918.279785 2853.301270 1859.869263 782.364075 331.908447 372.275360 371.761108 2784.361816 2754.246094 2766.886475 2727.563232 2586.074707 766.520874 541.873230 541.873230 225.233063 20.937208 23.349155 3359.876465 3362.806641 3363.583984 0.000000 3363.643066 0.000000 3363.722656 3363.658936 34.117729 3364.711426 3368.576660 369.860382 325.350769 332.442047 623.174377 356.274963 287.948059 306.054932 542.758301 284.337921 23.151428 20.616058 24.610863 315.189606 339.810577 335.549591 325.032837 689.338745 677.258972 695.342834 996.851807 598.977844 348.403351 570.822937 575.313904 928.709167 3452.215576 3554.751709
416.770660 2867.538086 2834.905518 2822.110352 2830.663574 441.490265 377.595642 377.595642 291.503296 2758.376465 2722.973633 2696.583252 2629.679688 2585.429932 3065.395264 482.841736 24.847385 28.910751 21.952549 26.230764 3364.309082 3364.428711 3363.612061 0.000000 0.000000 41.765347 41.759853 3365.792969 0.000000 57.823456 307.848114 427.373901 388.831299 708.849304 591.536682 319.684784 311.971191 273.985321 318.351654 536.269775 20.197140 22.264282 22.580420 21.287094 288.627228 21.838242 356.863373 565.819458 334.395172 572.757568 686.826721 682.453247 568.740906 715.899841 736.545227 1143.593872 1307.319458
385.955170 2873.209717 21594.925781 2819.961182 2824.343018 333.773499 308.198334 308.395294 2783.312500 2662.389893 2563.797119 0.000000 0.000000 2527.756348 2582.523438 642.016235 40.355885 41.701057 41.734207 41.786385 41.871357 3364.795410 7795.876953 3367.146240 3366.708740 41.853275 34.263287 29.891489 27.347403 286.464508 403.498169 663.944336 621.138733 599.535156 354.491852 358.290314 352.110443 335.317902 322.459869 317.139252 294.998199 306.945404 253.879517 20.346260 20.988617 24.464808 22.787647 310.268555 335.386078 673.140747 865.675720 700.484924 703.574768 582.344666 599.305725 628.787415 818.480286
2722.035400 2849.089844 42.931679 2802.690186 326.568604 306.949768 312.295746 306.267700 2717.902344 2544.581787 0.000000 0.000000 0.000000 0.000000 745.414551 745.544128 3361.846924 41.729244 34.168308 41.974110 26.452482 41.937454 0.000000 307.260406 571.280823 305.159149 303.948212 255.568649 318.356445 388.792755 384.994873 627.977600 631.328674 368.330292 309.503937 615.375183 361.734406 340.142548 325.063293 290.426331 325.892273 303.555817 288.570465 320.255768 290.807831 345.121124 27.133608 22.767197 20.819120 26.491755 360.859406 360.859406 614.928772 346.689636 581.614014 589.950806 1187.090698
2246.828857 345.115173 2775.935303 307.526062 301.936066 312.295746 308.305969 291.361450 2628.093750 0.000000 0.000000 0.000000 2546.980469 940.036377 31.709311 3350.402344 3363.037109 29.486038 26.476789 24.245462 306.485199 571.165771 570.518799 281.080048 324.823090 309.218445 333.554535 315.705292 337.511169 638.442810 378.127625 616.190247 351.253723 334.292267 325.707825 308.353333 360.487762 283.632690 270.758942 273.299072 300.415894 337.787384 348.895813 348.895813 592.071167 608.749451 355.234589 345.119537 287.120422 22.437428 19.576042 20.999947 303.904724 346.311615 691.730835 582.895081 592.745056
407.368927 411.664154 357.023132 2800.447510 351.200653 318.950867 329.119995 2769.940918 2554.796143 0.000000 0.000000 2537.987549 520.079407 32.716099 34.147106 41.700405 3363.320068 565.762146 29.843983 24.431728 265.291931 286.248413 317.980499 299.638397 370.232849 290.607788 553.811584 310.861572 353.031921 400.256500 378.742828 628.787415 388.075836 342.183502 342.183502 348.690277 358.012085 346.893036 302.049561 301.127502 338.435516 273.494141 319.411591 362.159363 615.600708 372.715942 305.724579 269.250000 2840.298828 2842.776123 21.009155 21.348112 21.639130 27.586899 27.634750 27.071213 328.261505
522.992004 892.807007 814.740051 2816.814453 2894.220947 2851.052734 2793.789795 2696.111572 2515.195557 2514.854980 2556.508789 1031.744629 39.515781 3364.367188 57.268444 3362.798828 3366.342773 573.863403 23.073769 24.588972 252.455307 293.922089 361.908142 315.217377 595.887146 339.636627 339.636627 541.126221 669.942810 329.436584 362.103363 451.930634 642.738220 383.440125 327.261292 364.282379 579.022217 337.734467 304.238007 307.633301 578.277893 352.350433 352.593811 335.093475 373.821167 2863.577637 31.911205 12861.195312 2824.957520 2841.464844 40.889515 327.907471 20.490963 39.148640 22.441137 22.329376 22.627636
746.088135 495.579132 822.836548 568.431885 2940.612793 2836.264893 2719.916748 2566.377930 2611.535156 1352.464600 1292.697876 0.000000 0.000000 41.815876 29.574957 3364.584961 3376.677002 891.905579 891.905579 330.519867 24.665758 22.736845 319.684784 329.407379 372.468353 360.094421 338.859344 317.139252 542.863708 576.133911 407.885040 404.145508 640.692505 378.661682 599.913757 347.714661 340.750946 337.158936 571.491394 312.383453 348.119263 319.024902 315.238556 319.283447 592.665710 2854.977295 2846.082764 2827.465332 2814.637939 2841.225342 2857.773926 46.223564 53.202812 266.502136 281.405762 298.172119 24.888117
2251.945068 461.419464 441.969727 889.064514 2934.650635 2800.366699 2579.431641 2519.291016 671.856873 671.856873 577.438904 781.931396 33.496170 3363.386963 26.329456 29.516045 3369.063232 0.000000 962.425415 302.480194 308.198334 24.316528 295.307617 377.987183 614.206909 360.922119 346.235962 327.155457 628.095947 565.809082 417.730286 409.796112 646.724487 617.621460 712.202209 350.316742 309.913757 568.925171 574.304993 347.316864 353.235138 349.265259 572.045288 342.793976 2853.866943 2854.735107 2848.364990 2835.040283 2814.637939 2845.115723 2868.820557 2875.996094 20165.474609 255.650650 306.283051 359.258606 380.584961
