code/FB/TestMTT/SampleData/Outputs/testMTT_ELLIPSEDIM_C.asc
NCOLS 84
NROWS 94
XLLCORNER -2098.000000
YLLCORNER 3210.000000
CELLSIZE 30.000000
NODATA_VALUE -1
[rows 56 to 83 of 94, columns 0 to 61 of 84]
0.990190 0.850692 3.048894 4.008155 31.227922 31.235231 0.433867 0.204502 0.205175 0.438165 0.232682 0.446954 0.446954 31.737679 1.102870 1.128665 1.363219 0.904837 2.619904 1.352064 3.254992 2.560480 0.202044 0.181813 0.883861 0.846982 0.916786 0.880293 0.834548 0.719868 0.932337 3.151275 3.242970 3.264395 1.215059 3.780292 3.691323 1.008189 1.172374 0.984547 1.005480 1.022632 1.125094 1.162626 1.108112 1.235114 1.165518 1.037903 0.876120 0.884571 1.243033 1.260865 0.921009 0.725759 0.965455 1.005480 0.941421 0.224246 14.955600 0.386171 19.504772 14.811053
0.960658 5.078454 3.971361 3.971361 3.065852 31.257931 0.617848 0.205133 0.253463 0.348168 0.214360 0.871511 0.906355 1.198732 1.543267 1.558084 1.057673 0.683960 0.779702 1.491290 1.267511 3.068568 0.716835 0.180886 0.235610 0.900009 1.034214 0.971616 0.969434 0.942475 2.800132 3.168295 1.196669 1.129687 3.334794 3.259298 1.167411 1.057913 1.132832 1.158477 1.246209 1.399730 1.509955 1.474509 1.345815 1.304384 1.275234 1.317097 1.395931 1.355708 1.409271 1.211090 0.782640 0.809416 0.991609 0.782462 15.071199 0.200082 14.908073 15.008948 19.604174 14.878275
3.852757 30.441298 14.632617 3.972353 14.379162 12.412757 0.291476 0.205699 0.346855 2.661826 0.907362 1.025558 1.246455 1.758137 1.915305 1.485024 0.770911 0.511223 0.899423 1.492246 1.222781 2.419786 0.590618 0.211602 0.249549 0.928184 0.937899 0.988379 2.763695 2.782479 0.947959 1.169514 1.201261 3.254029 3.264395 3.334794 1.263717 1.226695 1.062441 1.163136 1.243726 1.381857 1.681507 1.544066 1.399719 1.313776 1.350915 1.367169 1.443913 1.418021 1.251813 0.880642 0.705314 0.842564 0.750319 0.678855 0.678855 0.697753 0.193460 14.895462 0.233870 0.285057
5.051315 14.551501 14.708012 12.374218 31.296934 0.000000 0.346602 0.227578 0.440089 4.393378 1.185825 1.494704 1.870266 1.767934 1.623501 1.159423 0.629014 0.414641 0.948070 1.414502 0.997146 0.794283 0.642290 0.665257 0.240354 0.918672 0.879761 2.807688 2.827668 2.882922 1.108739 1.205562 3.254029 3.248586 3.334794 1.175484 1.276553 1.096007 1.018388 1.161814 1.208891 3.745882 3.962975 1.414066 1.474010 1.390523 1.350915 1.350915 1.389595 1.430045 1.469307 1.178186 0.823706 0.881018 0.846778 0.619756 2.045042 2.104636 0.208932 0.216081 0.221695 0.283989
14.711460 3.138894 3.986693 0.000000 0.000000 0.000000 0.227202 3.165575 31.507530 3.959752 1.593252 5.364982 4.758081 1.601877 1.201602 0.771531 0.576055 0.445321 0.860687 1.293149 1.013398 0.784417 0.586729 0.636517 0.300115 0.230344 0.912463 0.953917 0.961081 1.075335 1.044510 3.177272 3.222105 3.264395 3.127284 0.955361 2.800612 2.728497 3.552770 3.552770 1.303090 3.874947 5.502625 4.374300 4.261910 3.468908 1.244866 1.219887 1.251148 0.382553 1.385526 1.306354 0.299625 0.899910 0.607684 0.583386 0.191817 14.854925 0.630313 0.768814 0.753464 0.263143
0.657323 0.850543 19.334097 0.618057 0.619000 0.436641 0.257755 2.699410 3.457092 1.488179 1.737072 1.807293 1.618157 1.165769 0.875143 0.691170 0.458510 0.563767 0.775022 1.092151 1.013398 0.849692 0.716890 0.680350 0.187820 0.216839 0.956705 1.009982 3.086685 3.055564 1.010802 1.046160 3.086685 3.040091 2.997647 2.666961 0.886198 3.352818 0.870422 1.121347 1.430447 1.474626 0.595366 4.280042 3.771160 3.468908 0.494181 0.392546 1.245080 1.287902 1.148575 0.283978 1.097319 0.916661 0.540525 0.628225 14.740379 0.681642 0.199985 0.704443 0.857965 0.285882
0.604204 0.761546 0.694733 0.250811 0.204827 0.348027 0.934718 0.918059 1.019032 1.596654 1.821685 1.673420 1.287305 3.456476 0.759374 0.655589 0.528570 0.599561 0.792751 1.064589 0.956645 0.910337 0.910337 0.705091 0.751567 0.586160 0.197813 0.219488 0.964158 0.991863 1.139920 1.133898 0.982446 1.015581 0.967338 2.520324 1.044286 0.803828 0.970041 0.991893 1.183046 1.469755 0.530457 4.924230 5.222107 5.598199 15.675659 15.003391 19.567602 0.264696 1.137300 1.132240 0.312158 13.570061 0.732564 0.767964 0.786644 0.663053 0.685700 0.817526 0.903499 24.950621
0.739043 0.763385 0.201077 0.223746 0.290245 0.351446 0.471034 1.201520 1.241039 1.813071 1.849619 1.307523 1.057448 0.921060 0.921060 0.795011 0.612958 0.690322 0.763994 0.830500 0.931524 0.875524 0.824100 0.662295 0.693054 0.678327 0.651146 0.204686 0.885607 0.970686 3.127284 1.079939 1.048101 0.934201 0.892402 2.515557 3.097075 0.923118 1.067759 1.034813 1.158726 15.903435 5.713211 0.000000 0.000000 0.000000 16.628654 15.480781 14.995914 14.897211 14.846908 1.069093 13.943917 13.842296 0.342057 0.994506 0.921917 0.888015 0.927145 1.064925 0.968933 0.796526
0.664138 0.286173 0.184496 0.202893 0.290888 0.366228 0.366228 32.849945 1.486202 1.751477 5.125899 1.534722 1.021174 0.965408 0.730437 0.656014 0.693452 0.675756 0.736650 0.895191 0.874293 0.833988 0.688712 0.746710 0.802081 0.844954 0.826759 0.208579 0.239014 0.962382 1.037317 0.896403 0.937342 0.825346 0.841972 0.815923 0.835123 1.065232 0.890543 3.330675 3.881282 16.001024 0.000000 0.000000 0.000000 17.205885 0.000000 0.000000 32.705875 15.003999 14.878655 14.728338 14.114680 14.404724 14.581280 1.384765 0.368468 1.264416 1.304384 1.173351 1.015991 14.640308
0.792698 0.245086 0.428621 0.223494 0.290738 0.295183 0.387364 4.270450 1.554469 4.518167 4.823787 3.504037 2.896437 2.668749 0.906399 0.892615 0.786786 0.710156 2.660982 1.002803 1.000632 0.744175 0.841189 0.771531 0.826133 0.873690 0.741332 0.697540 0.184841 0.229391 0.933996 0.811619 0.834108 0.834108 1.098140 0.938631 0.841523 0.907451 4.057382 4.225204 3.114825 15.922773 0.000000 0.000000 0.000000 0.000000 0.000000 0.000000 0.000000 15.479315 15.087366 14.852047 14.563247 14.820965 14.860902 1.418189 1.510289 0.438286 0.438286 1.573707 0.310903 0.962251
0.656294 0.678740 0.420125 0.435099 0.300008 0.477993 1.179030 1.352064 1.488179 3.804077 4.912693 5.252821 2.862070 0.926047 0.915587 0.900395 0.800104 0.899453 0.941177 0.811584 0.879038 0.892242 0.865240 0.771531 0.751722 0.792157 0.627863 0.674162 0.605243 0.198296 0.211113 0.206297 0.210652 0.842476 0.872108 0.837177 0.846521 0.799017 0.816192 0.217438 0.243271 1.144798 16.035975 0.000000 0.000000 0.000000 0.000000 0.000000 17.129196 21.038767 21.038767 15.321692 0.271691 14.972672 14.953556 14.963803 15.020383 15.177299 1.396862 0.373020 1.107228 1.066995
2.524327 0.830218 0.273722 0.345898 0.465894 3.485361 1.210007 1.124866 1.092251 1.080533 3.618013 4.225396 1.084337 0.963558 0.926195 0.812602 0.921016 14.905586 14.950150 0.859810 14.999866 15.010060 0.361162 0.843533 0.850255 0.693708 0.698873 0.730762 0.591676 0.193182 0.184662 0.689556 0.198324 0.207417 0.240265 0.239551 0.206585 0.694966 0.230258 0.227432 0.218711 0.218711 0.223010 0.303610 15.602224 15.827731 16.081408 16.525978 0.000000 0.000000 21.411739 15.525723 0.304839 15.105886 14.999116 14.986676 15.042376 15.088649 1.418358 1.137722 0.955769 0.993949
3.062767 0.334529 0.340987 0.293548 0.345218 1.439953 1.349074 1.295757 1.191653 3.551800 0.887381 1.226695 3.720201 1.112518 0.975900 0.925493 14.942631 14.954859 14.944570 14.946882 0.954627 0.363317 0.362089 0.931439 0.819342 0.721429 0.600923 0.590423 0.640607 0.648029 0.715424 0.861747 0.826911 0.826911 0.814457 0.791066 0.215695 0.244491 0.996473 0.924816 0.957313 0.970186 0.899074 0.215419 0.208422 15.533116 1.281029 1.444147 16.906380 17.492588 16.623795 15.778143 15.387354 15.195808 15.053927 15.003216 14.975563 15.004156 1.194790 1.172807 14.482800 14.043344
0.283814 31.284813 0.345881 0.235909 0.340979 1.471942 1.537184 1.421072 4.003962 2.850886 0.965455 0.802455 1.275648 3.556841 1.094267 0.961156 15.005455 14.943027 14.879980 0.807943 0.932334 0.848928 0.770198 0.807882 0.723439 0.723439 0.704775 0.592620 0.651769 0.800843 0.883451 0.980773 1.069507 1.326897 1.198268 1.083477 1.041063 0.996825 1.085962 1.275367 1.183806 1.295617 1.119806 0.870110 0.193208 0.220636 0.302241 3.622458 3.894884 16.928602 0.000000 16.250853 15.606616 15.276214 15.132911 15.071615 15.028915 14.996325 14.980375 1.218271 14.472591 14.098712
0.225237 0.290828 0.230849 0.217122 1.029978 1.552355 1.467600 1.438091 3.165590 4.311061 2.494053 0.736328 0.861936 1.269104 1.101413 1.016983 1.018388 0.889035 2.177552 0.808280 0.807451 0.826044 0.826436 0.826379 0.812359 0.724479 0.654827 0.637193 0.607853 0.788153 0.952448 0.986734 1.151275 1.213126 1.320914 1.144397 1.203878 1.061681 1.687720 1.827466 1.574094 1.455951 1.217469 0.961047 0.775370 0.199942 0.204627 1.196289 3.731512 16.857901 0.000000 21.544273 15.638142 15.306897 15.201179 15.152108 15.152108 15.073689 14.967744 14.844152 14.635030 14.420063
0.288440 2.607087 0.225399 0.806293 1.104646 1.440621 1.358037 1.301407 1.301407 1.293269 3.442492 2.489304 0.905632 0.911635 0.952169 0.930455 0.830444 2.578609 2.476165 2.158944 0.700332 0.749123 0.731919 0.730689 0.732080 0.740595 0.804314 0.729710 0.837444 0.837673 0.921327 1.022645 1.151336 1.354482 1.429358 1.219633 1.195806 1.313282 2.509749 2.223017 1.968492 1.620655 1.289012 1.139462 0.999623 0.673768 0.198752 0.279374 1.733952 2.365898 16.950054 16.247795 15.644653 15.473425 15.261891 15.161650 0.297662 0.380392 14.972760 14.865159 14.822114 14.706930
0.849508 0.792139 0.903077 0.826849 0.994350 1.287335 1.349074 1.294486 1.246139 1.282997 0.862839 0.864511 0.826937 0.926046 0.898529 0.896090 0.823972 0.956492 0.789484 0.823484 15.007305 0.246649 0.839880 0.669102 0.766064 0.703844 0.819930 0.752647 0.887691 1.066061 1.014164 1.038553 1.091036 1.531958 1.466904 1.777091 1.842515 2.351056 2.694602 2.452809 2.302957 1.948123 1.634263 1.460464 1.262758 0.845429 0.671342 0.222531 0.428193 2.289011 16.550457 15.917526 15.778143 16.154531 15.491553 15.144587 0.291091 15.071401 14.972195 14.910333 14.945506 14.882095
0.787605 0.715637 0.776531 0.897060 1.440694 1.699838 1.488567 1.386836 1.345940 1.223528 1.009100 0.760775 0.764479 0.891123 0.852873 2.584818 0.773729 15.033025 0.281323 15.039062 14.992801 14.927121 0.264898 0.646808 0.769492 0.824332 0.803075 0.836766 0.936193 0.939723 1.075423 1.054653 1.121938 1.140947 1.258548 1.645798 2.010801 2.703960 2.161975 1.743119 1.593303 1.513152 1.612464 1.657029 1.477968 1.236473 23.244091 0.715077 0.269585 1.633426 16.698536 0.000000 0.000000 0.000000 17.403276 16.149870 15.337656 15.143986 15.085562 14.993786 14.988718 14.901793
0.991297 0.936136 0.833649 1.074232 1.780411 1.760279 1.386332 1.316359 1.285325 15.348512 14.947375 0.305502 0.688691 0.896271 0.712960 0.774710 0.746317 0.742826 0.270781 0.340791 14.962749 14.915419 0.245251 0.703432 0.817363 0.727438 0.794361 0.936032 1.061066 0.984478 0.883685 0.868804 0.816335 1.065248 1.134330 1.234364 16.483532 2.060834 15.465190 0.415948 1.241375 1.155339 1.244506 1.214397 1.214397 0.371675 1.377343 1.515379 0.988127 0.777532 0.231068 0.333822 16.245672 0.509637 17.892464 17.481436 15.913347 15.339760 15.157045 0.285727 0.283596 14.943027
0.974133 2.522948 0.928018 1.160123 1.881753 1.630621 1.187257 1.127207 1.195653 0.380617 14.902758 0.310121 0.728650 0.859247 0.760739 0.740533 2.106552 2.183596 25.058092 0.359867 19.615707 0.262272 0.814557 0.748521 0.910192 0.801956 0.724016 0.828578 0.821592 0.944301 0.861530 0.814812 0.837281 1.062441 1.137419 1.137419 1.227469 16.120974 16.323524 15.525723 15.036862 1.050639 1.149115 1.262097 14.777822 1.189015 1.058565 1.345441 1.164470 1.006655 0.890585 0.694943 0.248541 0.234253 1.593216 17.778709 16.727551 15.710952 15.386094 15.187906 15.147849 15.003061
0.984603 0.853679 0.742759 1.409853 4.844199 1.365033 0.923109 0.861530 1.010315 0.346270 14.943398 0.318132 14.886002 0.787792 0.772067 0.678866 2.178463 2.446046 25.038532 0.297004 0.263812 0.739522 0.807131 0.733444 0.912764 0.803169 0.807785 0.807785 0.931439 0.836947 0.735728 0.752955 0.858797 0.897642 0.979064 1.157038 1.273452 16.093468 16.251257 21.038767 15.381647 15.035821 14.954859 1.136890 0.943667 1.150711 1.234237 1.306237 1.164470 1.165009 1.261643 1.129304 0.826911 0.220517 0.993723 1.570743 1.945104 16.188402 15.768471 15.387354 15.147849 15.161130
1.031314 0.721743 0.769180 1.434225 1.385070 1.035388 0.753123 0.959290 0.898867 15.037290 0.365554 14.891636 2.365470 2.461282 0.807702 0.775873 0.714477 0.790259 0.790259 0.914677 0.269871 0.337094 19.465826 2.141969 0.761502 0.918934 0.731491 0.738776 0.763250 0.925740 0.749293 0.701773 0.770467 0.803619 0.927874 1.078300 1.147228 1.250466 15.945675 16.251257 15.865296 20.085131 15.036569 14.968621 1.137192 0.272948 19.243343 1.219679 13.980062 0.844084 0.907483 1.057335 0.997782 0.194293 0.857097 1.194566 1.336617 0.361690 16.015482 15.562387 15.281781 15.430966
1.291034 0.937464 0.856026 1.085710 1.064589 2.661106 0.925036 0.951049 0.850528 15.033025 15.033025 15.000253 2.360518 2.365149 2.210654 0.730425 0.663873 0.665482 0.193733 0.275244 0.212667 0.760125 0.826143 0.702010 0.833576 0.679903 0.670227 0.690725 0.780760 0.832126 0.681575 0.671662 0.727611 0.852661 0.829234 0.925099 1.110189 1.168862 1.258548 1.610537 16.188402 15.836015 15.278587 15.030716 15.052999 15.078142 14.907623 0.258207 13.656455 1.068743 1.053387 0.678513 0.600923 0.200658 0.832296 1.026345 1.106076 0.323099 0.330974 15.545588 15.581511 15.945675
1.457942 0.937464 0.865511 0.860893 0.898993 1.060408 2.669622 0.951007 0.950235 0.814470 2.219884 0.779181 0.821297 0.738612 2.160717 0.740614 0.720838 0.657769 0.722598 0.690198 0.703257 0.675665 2.119977 2.155533 2.158858 0.754914 0.641697 0.664162 0.768053 0.686113 0.719868 0.660213 0.665677 0.778931 0.856258 0.967860 0.951721 1.031606 1.116319 1.376807 16.136730 16.122709 15.693789 15.249565 15.142829 15.195102 19.583828 0.828615 13.285892 14.382977 0.199835 0.553069 0.157000 0.219677 0.851036 0.911149 0.960676 0.263596 0.240869 0.258838 15.664445 21.261019
5.063376 1.336302 0.803104 0.718529 15.017570 15.161753 0.376369 0.877062 0.747657 2.112514 0.772539 0.777901 0.676965 0.681073 0.691211 0.678289 0.723962 0.659012 0.723153 0.746673 0.660958 0.746673 0.733682 0.752675 0.850227 0.774091 0.789100 0.789011 0.761084 0.619265 0.602888 0.726486 0.707544 0.822411 0.915785 0.932299 0.803744 0.920829 1.043215 1.230918 1.399423 15.975252 16.078619 15.678525 15.379965 15.236834 15.052999 0.204489 13.022348 14.130131 0.163331 0.157140 0.171780 0.227644 0.227644 0.225604 0.831611 0.954031 0.258911 0.223108 0.734507 0.909701
1.709170 3.613340 14.938491 24.837290 14.960915 15.039908 0.370890 0.331368 0.733609 0.729710 2.154363 2.141416 0.728891 0.673321 2.142090 0.680645 0.631214 2.119314 0.694104 0.857666 2.234874 2.178733 2.355810 2.378568 2.171615 0.774908 0.744002 0.728984 0.837269 0.676188 0.613810 0.811164 0.746067 0.679481 0.821796 0.916786 0.856872 0.858157 1.081391 1.277134 1.229315 15.859673 16.024725 16.024725 15.792459 15.448258 15.811703 15.147849 14.397987 12.954016 0.651179 0.495637 0.172008 0.617439 0.199559 0.731507 0.235098 0.880330 0.222531 0.208913 0.726818 15.287798
3.967500 3.572246 15.036569 0.361209 14.960109 14.978506 0.332637 0.325345 0.728364 0.727320 2.117468 0.629045 0.630196 2.123178 2.399459 0.750594 0.779793 0.802987 0.787866 1.063869 0.906448 0.849627 0.814444 0.733821 0.723154 0.690665 0.741783 0.727611 0.850854 0.694966 0.676849 0.829298 0.687546 0.719086 0.799469 1.017612 0.822465 0.822465 0.960981 1.087459 0.331195 1.096009 1.154866 1.369533 0.362748 16.141069 21.406094 0.334456 14.726089 13.153402 0.925845 0.610604 0.587158 0.667314 0.201263 0.223519 0.821347 0.861672 0.789170 0.750568 0.217921 32.688328
1.209940 1.108860 15.074963 15.001217 14.997806 14.989814 19.534431 0.325345 0.669789 0.719820 0.728622 0.740051 0.753123 0.931124 2.179387 0.771631 0.845102 0.821087 0.924012 0.966646 0.923279 0.879785 0.886791 0.743087 0.701303 2.133300 0.744453 0.804146 0.822452 0.822452 0.722435 0.796476 0.730092 0.662262 0.760221 0.858157 0.966594 1.004120 0.907954 1.055207 1.090143 1.120330 1.116369 1.189410 15.838094 21.354347 21.774929 16.120974 14.968876 13.707108 1.122280 0.879845 0.742783 0.726632 0.643853 0.193226 0.220296 0.227823 0.208954 0.750097 14.943027 16.205017
