code/FB/TestMTT/SampleData/Outputs/testMTT_MAXSPREADDIR.asc
NCOLS 84
NROWS 94
XLLCORNER -2098.000000
YLLCORNER 3210.000000
CELLSIZE 30.000000
NODATA_VALUE -1
[rows 0 to 27 of 94, columns 0 to 61 of 84]
1.901657 1.967319 2.039821 2.079591 2.122792 2.215601 2.299541 2.305806 2.305487 2.252778 2.207895 2.216530 2.202842 2.195949 2.192450 2.146569 2.166431 2.160966 2.170388 2.161176 2.104330 2.338155 2.919524 3.363432 3.267697 3.122100 2.952662 2.799846 2.667019 3.359683 3.479147 3.161193 2.489732 2.104860 2.071777 2.061846 2.061692 2.055390 2.044514 2.023445 2.007428 2.044382 2.066844 2.075219 2.100864 2.073373 2.074676 2.066394 2.065301 2.065314 2.067555 2.080086 2.079187 2.064149 2.064149 2.035717 2.030636 2.074347 2.074057 2.074891 2.019393 1.971996
2.056736 2.085108 2.122795 2.174309 2.247981 2.264812 2.299011 2.243145 2.205903 2.165467 2.188309 2.199193 2.202842 2.195949 2.184029 2.141475 2.173431 2.182371 2.171819 2.106607 2.106232 2.206624 2.515645 3.556549 3.061825 2.823987 2.755102 2.689717 2.614110 3.336932 3.561956 3.049577 2.709435 2.190087 2.080742 2.063652 2.053239 2.056002 2.046267 2.038403 2.026484 2.044789 2.067506 2.067897 2.062805 2.020396 2.020396 2.051614 2.069335 2.076784 2.077215 2.072947 2.077330 2.059226 2.070795 2.018392 1.999964 2.069290 2.088953 2.079324 2.048105 1.898712
2.086686 2.172392 2.259778 2.279656 2.263632 2.255482 2.247188 2.177673 2.154605 2.160754 2.223287 2.199193 2.190197 2.187129 2.143270 2.173431 2.163712 2.177732 2.194600 2.184324 2.148006 2.172055 2.190111 3.178153 2.520602 2.623410 2.691464 2.398040 3.080408 3.384129 4.043615 2.919502 2.496294 2.328206 2.109173 2.076038 2.065088 2.076384 2.073014 2.069329 2.064944 2.037524 2.039224 2.059052 2.044689 2.042209 2.039688 2.060115 2.073269 2.076882 2.077398 2.078045 2.062372 2.064855 2.060019 2.030203 1.987588 2.056584 2.082710 2.073137 2.052020 1.976309
2.166407 2.182734 2.289967 2.311202 2.267960 2.227401 2.209999 2.154605 2.181525 2.240030 2.240650 2.202120 2.177943 2.179249 2.133045 2.181077 2.189988 2.192450 2.219496 2.156441 2.127746 2.101762 2.069136 2.471825 2.418244 2.235948 2.461765 2.619245 2.736340 2.736340 4.057406 -9999.000000 2.262399 2.473782 2.342033 2.166499 2.086867 2.078934 2.076942 2.076942 2.074702 2.038735 2.017583 2.037602 2.050132 2.032872 2.027495 2.041909 2.072192 2.077962 2.076615 2.077431 2.061081 2.062716 2.053103 2.049214 2.028485 2.037097 2.060059 2.075057 2.063996 2.031259
2.197202 2.210134 2.288025 2.289823 2.266811 2.207860 2.203529 2.173957 2.178995 2.180819 2.167404 2.151838 2.137634 2.134598 2.161331 2.184029 2.177742 2.214807 2.182138 2.145438 2.103126 2.103126 2.052708 1.996535 2.024705 2.100741 2.107471 2.200392 2.418244 2.708510 -9999.000000 -9999.000000 2.168339 2.328203 2.256452 2.177836 2.103096 2.081142 2.076942 2.076942 2.076288 2.054887 1.982304 1.999316 2.047289 1.994470 1.940973 2.001291 2.067594 2.079825 2.076615 2.077325 2.065551 2.062981 2.046761 2.067165 2.040962 2.040390 2.065614 2.071158 2.069350 2.062316
2.310630 2.277267 2.277267 2.291665 2.246651 2.253488 2.221084 2.171678 2.187291 2.146641 2.137401 2.163026 2.163026 2.171615 2.182116 2.163054 2.167850 2.204297 2.210540 2.206840 2.096189 2.075997 1.956226 1.903167 1.818487 1.877568 1.908559 1.984228 1.995193 2.076212 2.076223 2.120877 2.150832 2.260537 2.207353 2.153973 2.115177 2.089969 2.076942 2.076942 2.076942 2.072902 2.013148 2.022617 2.030942 2.043473 2.021035 2.018841 2.067481 2.080122 2.092582 2.077250 2.074520 2.056382 2.034005 2.056671 2.035283 2.003540 2.051058 2.060922 2.068931 2.060843
2.289549 2.295009 2.279795 2.289823 2.289823 2.236462 2.245266 2.170484 2.172073 2.167868 2.169973 2.171038 2.145252 2.168498 2.206904 2.192450 2.177742 2.204297 2.207095 2.096381 2.077109 2.081659 2.081388 2.080952 2.079775 2.079330 2.077110 1.715919 2.081775 -9999.000000 2.078021 2.089398 2.092768 2.114151 2.122282 2.128125 2.114500 2.107655 2.079629 2.076942 2.076942 2.076780 2.069409 2.041009 2.046599 2.065585 2.030911 1.998086 2.051795 2.092858 2.149788 2.087400 2.081925 2.053171 2.029968 2.043660 2.051921 1.986003 2.042063 2.063141 2.060665 2.061298
2.262140 2.255731 2.248928 2.234783 2.218041 2.160163 2.147221 2.140990 2.161374 2.166407 2.178580 2.203902 2.173127 2.180631 2.187129 2.219788 2.219040 2.160698 2.096526 2.079459 2.076537 2.078704 -9999.000000 2.080662 2.077113 2.075648 2.073196 2.075772 1.988625 2.081839 2.068951 2.084326 2.096380 2.096816 2.118085 2.119425 2.158031 2.143833 2.092080 2.077566 2.076942 2.076942 2.075502 2.056880 2.064914 2.031980 2.013372 1.989804 2.050944 2.099037 2.216469 2.119353 2.083820 2.060792 2.051855 2.070516 2.070516 2.066234 2.034533 2.011975 2.037473 2.053209
2.322596 2.249444 2.220751 2.201551 2.174028 2.137603 2.130739 2.163818 2.208718 2.160754 2.168976 2.184142 2.182151 2.175222 2.192450 2.216383 2.193143 2.089936 2.077085 2.078445 2.083286 2.078700 -9999.000000 2.081806 2.080246 2.076408 2.072237 2.073279 1.769467 2.080215 2.064299 2.121894 2.184408 2.146784 2.265598 2.170572 2.221034 2.150703 2.105535 2.078861 2.076942 2.076942 2.076077 2.035182 2.019433 2.021146 2.024518 2.015541 2.015541 2.051523 2.077345 2.122041 2.067173 2.067811 2.056822 2.056810 2.065485 2.053221 2.032502 2.048875 2.054566 2.064950
2.295009 2.205444 2.179472 2.195323 2.207676 2.151786 2.199423 2.205903 2.209108 2.181525 2.158205 2.144783 2.149397 2.184029 2.207747 2.097765 2.088295 2.067489 2.077155 2.080009 2.081225 2.078781 -9999.000000 2.081388 2.080883 2.077590 2.068748 2.067857 1.953391 1.981784 2.052176 2.091815 2.158726 2.217055 2.252052 2.180591 2.149304 2.138206 2.130477 2.084341 2.084341 2.076942 2.076942 2.075303 2.026284 2.017517 2.009023 2.027310 2.011499 2.046311 2.003265 2.046917 2.056162 2.050884 2.051343 2.015834 2.036105 2.044320 2.040288 2.069901 2.072633 2.074807
2.223380 2.243520 2.255638 2.298725 2.319770 2.322453 2.281017 2.239939 2.191089 2.205790 2.173254 2.134265 2.158886 2.156816 2.180351 2.074419 2.072372 1.871561 1.715080 2.073723 2.079798 2.080196 2.079899 2.080710 2.081254 2.080974 2.011498 1.958329 1.883563 1.986819 1.994738 1.994738 2.046689 2.076942 2.148845 2.255635 2.279975 2.261933 2.195376 2.224379 2.095117 2.077575 2.076942 2.076468 2.067778 2.044656 2.001864 1.986787 1.997823 2.039695 2.046604 2.049396 2.089244 2.059368 2.040801 1.992762 2.051500 -9999.000000 2.067591 2.074058 2.074620 2.076408
2.207130 2.321344 2.401614 2.425409 2.431839 2.410813 2.315885 2.340664 2.222006 2.122938 2.105765 2.123947 2.126400 2.110358 2.075598 2.075454 2.072237 2.063811 2.063811 2.071007 2.079405 2.080804 2.080710 -9999.000000 2.081215 2.081023 2.041174 2.041045 2.028591 1.962244 2.037361 2.002448 1.975931 1.950924 2.067740 2.180817 2.233873 2.223621 2.312706 2.276664 2.122661 2.079321 2.076942 2.076942 2.076307 2.051072 1.990521 1.987004 2.019876 2.063223 2.084809 2.115236 2.095103 2.069243 2.053568 2.051933 2.071253 -9999.000000 2.076530 2.077642 2.077856 2.078472
2.214807 2.298520 2.365160 2.393528 2.421025 2.431992 2.406175 2.301749 2.150676 2.105669 2.090798 2.076160 2.059023 2.067282 2.070948 2.074761 2.078405 2.074270 2.069564 2.064925 2.069033 2.076216 2.077972 2.080426 2.082014 2.080751 2.079360 2.052891 2.059133 2.059984 2.057912 2.048464 2.003110 1.897658 1.957574 2.079062 2.232832 2.143888 2.306806 2.209919 2.128691 2.080390 2.076942 2.076942 2.076942 2.051072 1.972408 1.994887 2.031637 2.051978 2.073494 2.096346 2.051788 2.065779 2.074585 2.076464 2.076942 2.076942 2.077272 2.104839 2.113828 2.096277
2.168314 2.165116 2.191055 2.268514 2.266819 2.244942 2.244942 2.209280 2.129204 2.101119 2.079111 2.069352 2.028829 2.061257 2.065829 1.570103 2.078909 2.078744 2.072394 2.058293 2.059150 2.068948 -9999.000000 2.080371 2.081713 2.080790 2.066677 2.065665 2.067557 2.070077 2.074758 2.071522 2.060648 2.000427 1.968020 2.055495 2.096342 2.117769 2.206794 2.162835 2.126497 2.080023 2.076942 2.076942 2.076942 2.046517 1.963999 2.015895 2.040268 2.015286 2.021326 2.047506 2.045679 2.074883 2.076866 2.076942 2.076942 2.078214 2.090496 2.214099 2.206205 2.159853
2.226339 2.145765 2.075092 2.066139 2.090802 2.120734 2.130427 2.134286 2.114204 2.085629 2.051088 1.988733 1.897387 2.055683 1.751380 1.703636 2.078744 2.077477 2.073785 2.061481 2.062323 -9999.000000 2.075648 2.037376 2.080841 2.079835 2.077474 2.086992 2.079468 2.076527 2.067448 2.072371 2.075890 2.021634 1.973157 2.034050 2.077693 2.095721 2.123291 2.185773 2.105097 2.079672 2.076942 2.076942 2.076942 2.047304 1.964857 1.986015 2.027241 1.997281 2.003793 2.017599 2.071157 2.076424 2.076942 2.076942 2.077874 2.092234 2.167192 2.167192 2.241406 2.233614
2.334074 2.106298 2.059254 2.021548 2.003583 2.044132 2.076335 2.075669 2.109855 2.088336 2.021952 1.962121 1.654977 1.802621 1.836428 2.077186 2.078037 2.076264 2.077590 2.072237 2.071007 2.073962 2.073304 2.000702 2.001114 2.053922 2.079023 2.102882 2.114293 2.077485 2.053328 2.073344 2.076800 2.034710 1.946710 2.027068 2.075135 2.080206 2.076942 2.125162 2.098913 2.076713 2.076942 2.076942 2.076942 2.061120 1.971770 1.970949 1.991924 2.009848 2.009848 2.032135 2.077178 2.076823 2.077518 2.077371 2.078303 -9999.000000 2.122664 2.210672 2.176344 2.203360
2.181242 2.110740 2.069055 1.995370 1.975449 2.020607 2.069951 2.076194 2.128056 2.075380 2.059483 1.804625 1.825633 1.686048 1.788150 2.073962 2.078990 2.080426 1.968998 -9999.000000 1.868956 1.904654 1.956879 1.964028 2.034017 2.061632 2.070560 2.077883 2.120335 2.081911 2.068146 2.069229 2.075786 2.045002 1.912555 2.008406 2.068789 2.083825 2.086263 2.095405 2.074697 2.079861 2.079861 2.077460 2.076942 2.076853 2.071815 2.029191 1.986165 1.982479 2.031941 2.061971 2.076291 2.078991 2.082050 -9999.000000 2.100920 2.124303 2.141300 2.183288 2.140803 2.126029
2.181242 2.118367 2.070201 2.008657 1.969978 2.006187 2.062791 2.087581 2.113832 2.076942 2.050665 1.931754 1.835113 1.809562 1.788150 2.072237 2.081234 1.968549 1.783250 1.913769 1.929726 1.974613 2.008870 1.998138 2.056380 2.067121 2.043901 2.054496 2.076942 2.106875 2.081640 2.067717 2.068349 2.044570 2.044570 1.956313 1.947003 1.980714 2.078827 2.107907 2.099677 2.083865 2.078781 2.077251 2.076942 2.076415 2.074668 2.067954 2.028970 2.015277 2.046942 2.064064 -9999.000000 2.078293 -9999.000000 2.091242 2.157351 2.242874 2.177112 2.140531 2.094024 2.099133
2.144711 2.128778 2.064888 2.028836 1.964536 1.993605 2.057281 2.080284 2.079755 2.081540 2.081967 1.909649 1.912636 1.570117 2.053352 2.068499 1.998646 2.022530 2.006813 2.000079 1.966877 2.029938 1.966255 1.979194 2.056828 2.056828 2.087374 2.067916 2.030099 2.063197 2.087022 2.123657 2.089958 2.057920 2.032950 1.969208 1.897658 1.815013 2.048674 2.091298 2.109185 2.089426 2.081604 2.077323 2.076592 2.074955 2.076070 2.075509 2.067713 2.075960 2.073333 2.074589 2.078976 2.082849 2.085054 2.105238 2.171819 2.173431 2.124693 2.098646 2.085960 2.094426
2.143786 2.147755 2.072345 2.037764 1.933559 2.012406 2.039047 2.078269 2.080267 2.075719 2.074646 2.074833 2.078971 2.072348 2.052392 1.769347 1.927290 1.927290 2.046897 2.073043 2.064802 2.036273 2.029224 2.041539 2.008543 2.016828 2.086685 2.096346 2.051266 2.053307 2.066893 2.129564 2.218650 2.098373 2.060798 1.950610 1.835301 1.860348 2.011302 2.077258 2.113181 2.102383 2.098042 2.077712 2.074429 2.072064 2.071298 2.076027 2.076380 -9999.000000 2.075539 2.075276 2.093643 2.108971 2.096014 2.064816 2.063935 2.090472 2.091326 2.083167 2.094433 2.103244
2.178217 2.202747 2.079634 1.995842 1.860188 2.035897 2.064483 2.081024 2.077058 2.077058 -9999.000000 2.077905 2.071007 2.075752 1.907340 1.959229 1.762557 1.936716 2.036464 2.090816 2.107003 2.060191 2.045846 2.061226 2.014833 2.018090 2.077486 2.111085 2.058918 2.013535 1.922222 2.076455 2.162189 2.162458 2.092330 2.038054 1.789733 1.944317 1.952816 2.053753 2.075404 2.091188 2.095180 2.076278 2.071595 2.076675 2.075866 2.075328 2.075328 2.074848 2.072633 2.075197 2.133435 2.136154 2.098017 2.041626 1.990172 2.053019 2.094768 2.094281 2.152173 2.160517
2.074635 2.073123 2.238238 2.103132 1.994882 1.695585 2.001578 2.045843 2.076931 -9999.000000 -9999.000000 2.081341 1.959549 1.920103 1.967272 2.022551 1.990155 1.938198 1.995630 2.059593 2.092841 2.085058 2.062355 2.057135 2.024992 2.037342 2.082654 2.158020 2.082846 1.998519 1.835491 1.945585 2.086762 2.174692 2.178636 2.113483 2.037623 1.989597 1.978438 1.891617 1.993978 1.999424 2.052390 2.066719 2.068904 -9999.000000 2.076802 2.076601 2.078571 2.089533 2.104201 2.111808 2.237959 2.157777 2.121805 2.073053 1.943805 1.996107 2.089919 2.121655 2.160737 2.160737
2.075178 2.073891 2.236584 2.174957 1.981992 1.763530 1.966224 2.018901 2.071223 2.080603 2.079139 1.991972 1.963710 1.944642 1.987722 1.945710 1.984700 1.994156 1.916100 2.036294 2.068954 2.082516 2.068040 2.042921 2.021589 2.055315 2.092440 2.142649 2.137826 2.062767 1.983007 1.949697 2.044243 2.087884 2.141014 2.090802 2.074563 2.049545 2.001449 2.009848 2.029123 2.005560 2.047482 2.067755 -9999.000000 2.076942 2.077072 2.077515 2.086800 2.127238 2.182771 2.287627 2.112229 2.112229 2.108125 2.140572 2.084043 2.002763 1.970901 2.082045 2.082144 2.088645
2.077173 2.078412 2.076942 2.113374 1.894696 1.736025 1.977695 2.007550 2.057246 2.081981 2.092135 2.122329 2.063250 2.014789 1.916815 1.937559 2.027375 1.933586 1.952765 2.032586 2.039438 2.070451 2.069292 2.040841 2.031862 2.033059 2.079068 2.177934 2.216921 2.082679 2.055525 1.962267 1.946643 2.051968 2.071619 2.075763 2.075750 2.049545 2.063996 2.068033 2.066471 2.065284 2.071835 2.076960 2.076960 2.078239 2.085015 2.086112 2.088963 2.094900 2.117560 2.143462 2.002188 2.025320 2.064391 2.114500 2.116033 2.080462 2.021915 2.045920 2.006056 2.026200
2.078974 2.081957 2.081833 2.079722 1.950964 1.906224 2.015990 2.007550 1.783723 1.972466 2.057497 2.161234 2.180752 2.086159 2.006396 2.080712 2.036059 1.999864 1.966324 1.982738 2.043382 2.073268 2.070800 2.059196 2.040642 1.972348 2.019074 2.086390 2.179676 2.121298 2.075507 2.006495 1.945285 2.017467 2.077997 2.080289 2.080289 2.075037 2.067352 2.072780 2.073703 2.073847 2.074933 2.076877 2.077093 2.084149 2.096931 2.096014 2.099206 2.093818 2.061228 2.013966 2.024613 2.012282 2.041901 2.072221 2.087422 2.094471 2.013401 1.972988 2.023393 2.020607
2.076731 2.077113 2.080309 2.081806 1.894531 1.900357 1.804101 2.032432 1.845280 1.882417 1.937292 2.117072 2.220209 2.193370 2.157893 2.269889 2.128742 2.058427 1.993622 1.939541 2.009315 2.060645 2.074882 2.048029 2.071679 1.986714 1.933573 1.933573 2.035600 2.106966 2.092949 2.089281 2.060269 1.979058 2.038054 2.066921 2.074068 2.069423 2.071344 2.076356 2.072054 2.072655 2.074680 2.076929 -9999.000000 2.082932 2.095078 2.101475 2.114064 2.137291 2.101082 2.059047 2.096461 2.082982 2.076183 2.072295 2.076169 2.080511 2.044787 2.011044 2.010248 2.025644
2.066626 2.072049 2.077113 2.080595 2.081847 1.989754 1.896376 1.837574 1.825391 1.842724 1.961450 2.073559 2.303814 2.580429 2.348822 2.210979 2.101266 2.097387 2.058150 2.058150 1.980394 2.023900 2.036244 1.963820 2.008561 2.075412 2.037807 1.962461 1.982474 2.036458 2.061725 2.079845 2.075799 2.048472 2.007157 2.034017 2.059213 2.063996 2.070890 2.070220 2.070992 2.074366 2.076424 2.077184 -9999.000000 2.089502 2.098516 2.129900 2.223949 2.302123 2.252452 2.125696 2.188248 2.152366 2.123143 2.098064 2.070611 2.058969 2.055389 2.035519 2.034710 2.038926
2.059017 2.066258 2.075648 2.078428 2.081424 1.978531 2.005391 1.902983 1.942283 1.946759 1.994704 1.994704 2.076747 2.194155 2.510518 2.263308 2.081405 2.147701 2.137529 2.089207 2.067002 2.044900 2.045921 1.862219 1.850657 2.026636 2.044325 1.995377 2.004901 2.040320 2.028088 2.058010 2.069772 2.059182 1.995389 2.021689 2.060571 2.071445 2.064346 2.069569 2.073338 2.076753 -9999.000000 -9999.000000 2.081869 2.106673 2.175222 2.270846 2.333435 2.380037 2.340208 2.287153 2.191213 2.205526 2.219948 2.141163 2.086218 2.052102 2.040532 2.045976 2.016930 2.043550
