code/FB/TestMTT/SampleData/Outputs/testMTT_FLAMELENGTH.asc
NCOLS 84
NROWS 94
XLLCORNER -2098.000000
YLLCORNER 3210.000000
CELLSIZE 30.000000
NODATA_VALUE -1
[rows 0 to 27 of 94, columns 0 to 62 of 84]
1.003617 1.040202 1.073092 1.062526 1.008882 1.059009 1.143905 1.229777 1.104829 1.089627 1.181527 1.149981 1.210338 1.211736 1.212402 5.201118 1.135297 1.136267 1.068034 1.193224 3.027265 1.040739 1.815187 1.051109 1.038498 1.071289 1.075781 1.099774 1.327233 1.120831 1.056961 0.957792 0.874904 0.314745 0.320567 0.321285 0.321416 0.333336 1.072268 1.000605 1.003124 1.074092 1.125905 1.089362 1.076168 1.462271 3.029027 3.024339 3.007251 2.994756 2.985850 2.963983 2.975905 1.116117 1.116117 1.152842 1.238780 1.186813 1.222909 1.153676 1.138408 1.234275 1.273492
1.035013 1.063309 1.026528 1.018447 1.080167 1.241744 1.250414 1.521655 1.033468 4.063447 1.174757 1.197716 1.210338 1.211736 1.201062 4.838781 1.097595 1.108331 1.146127 3.038035 3.032234 5.045634 3.602895 1.078184 1.045586 1.045377 1.048220 1.067684 1.320073 1.067300 0.941698 0.907546 0.878510 1.013601 0.330594 0.333086 0.321320 0.332992 0.333063 0.348933 1.005741 1.085048 1.084230 1.061569 1.115245 1.468779 1.468779 3.623789 3.012013 3.001554 2.993005 2.990289 2.992831 1.254235 1.186993 1.157447 1.232423 1.183936 1.214300 1.694901 1.125391 1.118930 1.183760
2.382358 1.046557 1.065035 1.096437 1.184681 1.202811 1.123417 4.087005 2.439248 4.029707 1.099557 1.197716 1.199784 1.200433 4.835720 1.097595 1.135790 1.202259 1.119342 0.272983 5.047992 4.873579 4.243645 0.901636 1.218958 1.012506 1.030674 1.334530 0.912784 0.957506 0.923143 0.856695 0.949105 0.963331 0.341000 0.347793 0.347933 0.321250 0.311233 0.333271 0.431787 0.353044 1.058934 1.054521 1.052669 1.750990 2.628248 10.560090 2.873306 3.000265 2.989178 2.991428 1.173340 1.268302 1.190512 1.213428 1.157906 1.182003 1.223013 1.146379 1.117443 1.201711 1.182336
1.064700 2.460249 1.091642 1.078473 1.183674 1.176611 1.060438 4.009298 4.040781 1.094422 1.109693 1.196986 1.189971 1.096534 4.790337 1.144482 1.155556 1.212402 1.129073 5.260919 5.075562 4.860154 0.917570 0.751109 0.912071 1.316635 1.032173 1.002718 0.929203 0.929203 0.783009 0.000000 1.281350 0.852227 0.907766 0.986869 0.330968 0.320963 0.321336 0.348190 0.393174 0.339029 1.110105 1.090007 1.128357 1.595368 2.592366 1.597401 1.550892 3.078544 2.982396 2.992077 1.101005 1.183660 1.199633 1.141449 1.132564 1.180937 1.079244 1.069595 1.419436 1.427634 1.110414
2.503713 2.491008 1.068119 1.111012 1.167367 1.195467 1.125929 4.384716 4.204515 4.613629 4.265844 4.673132 4.674799 4.735256 1.181918 1.201062 1.530443 1.178891 5.153401 5.829138 4.952211 4.952211 3.985411 3.358253 1.982465 3.182139 3.574396 0.934277 0.912071 0.808341 0.000000 0.000000 1.506705 0.905399 0.960751 0.976560 0.316785 0.310388 0.321336 0.348190 0.367260 0.350935 1.155526 1.136362 1.557282 1.494652 1.208072 1.606403 1.727166 1.204834 2.982396 2.989155 1.100244 1.073906 1.154597 1.126037 1.117569 1.275215 1.167027 1.375226 1.537370 1.543238 1.419823
1.097311 1.146532 1.146532 1.159368 1.198040 1.105997 1.085612 4.516812 1.069616 4.301510 4.563633 1.076900 1.076900 1.086241 1.095978 1.506570 1.518781 1.223887 1.179601 1.152228 3.012740 2.993740 3.283324 3.264507 0.877189 0.893145 0.935393 3.316205 1.123314 2.853785 2.840615 2.379094 1.354566 0.915367 0.967323 1.015943 0.313142 0.319025 0.321336 0.333355 0.498015 0.431585 0.338325 1.445926 1.452851 1.597691 1.612651 2.597806 11.260919 2.685405 1.166243 2.989135 1.175391 1.082391 1.058023 1.114372 1.172112 1.077359 1.103693 1.509823 1.537619 1.117983 1.423028
1.085490 1.158121 1.202295 1.111012 1.111012 1.185678 1.092560 4.676606 1.062547 1.064177 1.033514 1.074882 4.341106 1.180341 1.074621 1.212402 1.530443 1.223887 1.131146 3.021291 2.999085 4.657223 2.845189 2.890693 2.904339 2.905377 2.909891 1.070703 2.875504 0.000000 2.877739 2.486310 1.567241 1.304216 1.336777 1.076378 1.046752 0.329986 0.333125 0.333355 0.392990 3.248071 0.394057 0.400975 1.466933 1.577751 1.585378 1.605040 1.445695 1.401651 1.045260 1.384608 1.109726 1.081431 1.133878 1.098740 1.264160 1.075866 1.520451 1.706039 0.364894 0.346951 1.425238
1.092564 1.154208 1.140142 1.129250 1.120317 1.467145 4.492339 4.149296 1.024729 1.064700 1.072664 1.090919 1.179210 1.189366 1.200433 1.143753 1.178156 3.568093 3.026022 3.005022 2.959180 2.840984 0.000000 2.880157 2.876477 2.879396 2.895736 2.902214 3.085842 2.903226 3.206436 7.130281 1.613264 1.660601 1.491872 1.397785 1.043462 1.048855 0.331596 0.333289 0.333355 3.248002 0.498607 0.403936 1.600185 1.440976 1.575030 1.627728 1.590443 1.412216 1.032640 1.362698 1.105216 1.191369 1.190587 1.532088 1.532088 1.534197 1.421607 1.104632 0.344724 0.346657 0.392132
1.112505 1.196994 1.176354 1.112295 1.154272 4.498583 4.196025 1.023761 1.075338 4.279689 4.316988 1.176107 1.131992 1.190558 1.212402 1.236143 0.302895 3.016144 3.004467 2.987164 7.380127 2.779204 0.000000 2.861375 2.868888 2.877912 2.897323 2.906451 1.122680 2.936533 2.493906 1.637089 1.476190 1.685873 1.084705 1.397568 0.996799 1.084411 0.317056 0.333012 0.348190 0.431167 3.249429 1.473303 1.590894 1.742420 1.602991 1.551898 1.551898 1.582709 1.535043 1.321781 1.343328 1.099956 1.123130 1.123279 1.406837 1.396959 1.410816 0.365253 0.366310 0.347992 3.247622
1.158121 1.486374 1.468624 1.157318 1.109128 4.499033 1.064128 1.033468 4.599513 4.304897 4.260215 4.579690 1.485628 1.201062 1.237616 3.030383 0.274053 3.653776 2.974686 2.913232 2.834358 2.762043 0.000000 2.845189 2.837077 2.862105 2.891171 2.904114 2.903593 2.329579 1.539037 1.530828 1.699923 1.696947 1.501704 1.493107 1.378826 1.385695 0.324780 0.331941 0.331941 0.333355 0.367211 0.431393 0.371845 1.091320 1.498904 1.648393 1.524208 1.555430 1.071817 1.449774 1.367609 1.096565 1.424118 1.115922 1.385655 1.508929 0.389392 0.431033 0.431411 0.393207 3.248621
1.084788 1.125331 1.175902 1.136377 1.098054 1.096629 1.181377 4.343721 4.796299 1.060338 1.032469 4.443312 1.182411 1.521431 1.227708 3.003772 11.946843 4.596129 4.091726 2.869899 2.841434 2.799569 2.813427 2.816027 2.832793 2.852392 3.226367 2.962909 1.457099 2.377096 1.428688 1.428688 1.713955 2.434594 1.532004 1.472922 1.323404 1.481113 1.486576 0.978200 0.330298 0.333291 0.367211 0.431201 1.429408 1.059720 1.218263 1.216441 1.483104 1.119039 1.370197 1.462232 1.078834 1.094745 1.414414 1.104607 1.692105 0.000000 0.430396 0.348416 0.498531 3.249502 1.730149
1.138541 1.137812 1.108467 1.142709 1.187961 1.226558 1.514792 1.134678 1.039012 4.535666 4.749712 1.112264 1.092854 1.104443 3.018584 2.957790 2.897323 2.872474 2.872474 2.887560 2.871225 2.818969 2.816027 0.000000 2.832082 2.856563 2.863299 2.773654 1.666283 1.093215 1.552426 1.414068 1.533107 1.575163 1.428379 1.367559 1.636550 1.651868 1.319766 1.038056 0.339896 0.321006 0.392990 0.431167 1.122233 1.148199 1.216929 1.192212 1.457407 1.426935 1.093554 1.062922 1.356128 1.078552 0.344419 0.364554 0.429598 0.000000 0.431148 0.348608 0.368806 1.436118 1.444296
1.178891 1.161961 1.143519 1.180926 1.144621 1.095856 1.098288 1.051841 1.020754 1.122387 1.128812 1.138847 1.100313 7.659985 3.001435 2.964216 2.897126 2.854537 2.877119 2.896952 2.902351 2.865060 2.812461 2.854513 2.883623 2.890400 2.917624 1.448423 1.518439 1.422859 1.425414 1.525051 1.413168 1.485544 1.473243 1.424865 1.369132 1.652453 1.275351 1.428923 0.380036 0.347415 0.348190 0.348190 1.121990 1.148199 1.134664 1.088639 1.087914 1.032777 1.104925 1.367317 1.332186 0.354742 0.429983 0.348116 0.367211 0.431167 0.367303 0.352185 0.353359 1.441375 1.138234
1.136113 1.159345 1.186765 1.100898 0.291066 0.299063 0.299063 0.271851 1.042455 1.015211 1.116580 1.070926 1.132898 3.010472 3.002100 0.954347 2.872465 2.859365 2.858100 2.894149 2.879530 2.831971 0.000000 2.912313 2.922801 2.919069 3.067986 1.481425 1.412010 1.545563 1.424895 1.410829 1.118118 1.471368 1.513226 1.131306 1.410527 1.362102 1.298195 1.594617 1.470520 0.391658 0.392990 0.367211 1.427484 1.147503 1.090812 1.109753 1.130492 1.027020 1.088401 1.474980 1.487124 0.495601 0.497952 0.392990 0.392990 0.431445 0.350299 1.121999 1.109939 1.090230 1.006701
4.623375 1.090661 1.163699 1.156217 1.156069 1.144451 0.280066 0.284515 1.028834 1.086533 1.035802 1.047588 1.072996 7.635912 1.022788 1.079381 2.859365 2.831591 2.839778 2.889575 2.874768 0.000000 2.879396 3.326330 2.946913 2.954841 3.159879 1.515413 1.422323 1.546436 1.114822 1.109681 1.426377 1.469253 1.529654 1.050279 1.021420 1.070471 1.306029 1.241400 1.641708 0.429210 0.431167 0.392990 1.723342 1.092307 1.107191 1.064177 1.119419 1.101098 1.363761 1.460836 0.428537 0.430864 0.392990 0.431167 3.249408 0.501858 1.112438 1.112438 1.126337 1.112003 1.092558
1.044264 4.060968 1.132452 1.458401 1.152851 1.133093 1.118904 2.990240 1.018259 1.060113 0.970737 3.779369 1.054254 4.459708 4.189163 2.899589 2.830145 2.816937 2.862105 2.897323 2.887560 2.882513 2.916346 1.660561 1.208008 1.378375 1.109494 1.415063 1.108774 1.116465 1.109583 1.425786 1.426102 1.454787 1.537335 1.142336 1.418888 1.037267 1.300971 1.250218 1.650802 3.244139 0.392990 0.333355 1.071594 1.132882 1.041919 1.088451 1.105324 1.390024 1.390024 1.493955 3.244018 0.348086 0.367278 0.431219 3.249164 0.000000 1.782174 1.194677 1.152977 1.061886 1.143355
1.104155 1.053615 1.071322 1.055841 1.108386 1.139173 1.070378 2.992262 0.997895 2.959546 0.944762 0.850423 3.872116 1.258655 1.462322 2.882513 2.827441 2.854513 2.698914 0.000000 1.522857 1.560804 1.622424 1.047614 1.093544 1.401427 1.544962 1.545575 1.084318 1.086340 1.063452 1.548507 1.424512 1.133523 1.215564 1.462795 1.114421 1.330323 1.636267 1.626109 2.975905 0.496577 0.496577 0.367162 0.348190 1.723616 1.124401 1.133228 1.073923 1.051973 1.399552 1.700295 0.367199 0.348539 0.367826 0.000000 0.502253 1.604267 1.646135 1.188742 1.088984 1.086132 1.141047
1.104155 1.019538 1.025666 1.050094 1.070871 1.097071 1.073624 1.100141 0.969125 2.933002 3.577450 0.830233 0.959043 4.402072 1.922537 2.897323 2.878171 1.487466 1.035326 1.486985 1.568823 1.628143 1.668943 1.119051 1.062328 1.399790 1.422377 1.721652 1.383764 1.050645 1.419646 1.428570 1.421671 1.074985 1.074985 1.491840 1.485221 1.119531 1.069595 1.463207 1.639606 0.489653 0.496398 0.348097 0.367211 1.427430 5.415071 1.723130 1.117080 1.058213 0.363174 0.346445 0.000000 3.250593 0.000000 3.261961 1.604333 1.112089 1.135170 1.165614 1.127472 1.131019 1.086505
1.069861 0.952782 1.012783 4.147569 1.117331 1.066690 1.077014 1.053535 2.909002 2.858072 2.873200 1.522525 1.235442 0.973417 2.942718 2.932307 1.589776 1.538723 1.473657 1.524956 1.192192 1.677801 1.090260 1.131460 1.123872 1.123872 1.399938 1.411877 1.546134 1.530143 1.422767 1.531225 1.064723 1.107857 1.424108 1.580298 1.485544 1.153903 1.408109 1.668179 1.643566 1.691833 0.390885 0.392630 0.367134 0.497711 3.246974 3.246463 0.430362 3.245984 0.497490 0.393054 3.256338 3.255395 3.257499 1.768545 1.146127 1.097595 1.083157 1.093528 1.076425 1.038336 1.137357
1.043949 0.941164 1.041300 3.920577 1.134592 1.465133 1.129195 2.986658 2.800221 2.754515 2.838011 2.880930 2.884643 2.907944 2.934854 1.219130 1.194694 1.194694 1.586324 1.509900 1.598023 1.219650 1.242786 1.177156 1.445591 1.147684 1.412147 1.367317 1.540062 1.548601 1.138443 1.538618 1.072419 1.079783 10.828139 1.732814 1.601510 1.606633 1.730891 1.700314 1.657942 1.692105 1.108582 1.424427 0.392334 0.430407 0.430587 3.247019 3.247500 0.000000 0.498078 0.393792 6.827131 1.744267 1.557984 1.115319 1.171439 1.061383 1.054792 1.044500 1.083088 1.135626 1.140300
1.021284 0.947268 1.005777 1.032269 1.139052 3.022347 3.003375 2.945540 2.723991 2.723991 0.000000 2.846677 2.887560 2.891242 2.342735 1.620178 1.232558 1.670135 1.647989 1.583223 1.155492 1.129887 1.158691 1.421650 1.146894 1.601070 1.713269 1.303699 1.409754 1.452490 1.187636 1.546594 1.354496 1.459432 1.393877 1.417214 1.166033 1.599944 1.581879 1.706767 7.813008 1.385329 1.042477 1.062440 0.346727 3.247185 0.497934 0.431082 0.431082 0.392907 0.393578 7.635946 1.525590 1.137221 1.069632 1.052090 1.135790 1.076168 1.143020 1.137584 1.106113 1.160109 1.469316
2.977513 2.951792 0.953582 0.936342 2.327304 1.187577 3.022241 2.990160 2.863555 0.000000 0.000000 2.850467 2.776849 1.577571 1.566169 1.643021 1.670985 1.694707 1.682362 1.637939 1.612538 1.204034 1.253279 1.426729 1.480644 1.493374 1.536392 1.298040 1.093425 1.454021 1.204114 1.146170 1.399790 1.468171 1.471303 1.046441 1.126433 1.101653 1.442015 1.081431 1.492692 1.073206 1.088557 0.362604 0.365154 0.000000 3.248032 0.393070 0.393288 0.394518 0.372646 1.606692 1.140727 1.125250 1.103652 1.124725 1.087805 1.160242 1.461732 1.144168 1.481040 1.481040 1.499526
2.983865 2.941661 0.901771 0.826756 2.272487 4.806902 3.017207 2.973199 2.898955 2.815414 2.812397 1.421037 1.543544 1.609656 1.617118 1.110682 1.215794 1.701250 1.253969 1.672767 1.636085 1.181141 1.696854 1.132421 1.635415 1.608333 1.421454 1.635459 1.357165 1.428001 1.575381 2.534505 1.538390 1.049295 0.998128 1.376232 1.121242 1.127794 1.114091 1.390024 1.520128 1.095818 0.360723 0.390213 0.000000 3.248002 3.248680 3.249496 0.501118 1.583649 1.620206 1.181924 1.457454 1.457454 1.420078 1.387388 1.121947 1.112512 1.150465 1.506455 1.578177 1.571495 1.461924
2.989120 2.925487 2.908052 1.827605 0.843609 1.130892 3.002930 2.967965 2.928838 2.904867 1.464620 1.468104 1.530682 1.632951 1.201779 1.114810 1.667227 1.096162 1.260399 1.698773 1.122461 1.168214 1.696321 1.161522 2.977397 1.605039 1.427292 1.345912 1.303956 1.105097 1.543956 2.477030 1.431347 1.662927 1.635806 1.513971 1.426454 1.127794 1.419436 1.417053 0.346115 0.331141 0.365898 3.247449 3.247449 0.498195 0.393964 0.432762 0.500916 1.454238 1.131309 1.195826 1.095261 1.124511 1.116005 1.046752 1.122323 1.153392 1.582425 1.638527 1.153774 1.085178 1.144343
2.981315 2.896583 2.892930 2.867052 0.967261 1.403020 2.984391 2.967965 1.471025 1.630102 1.168831 1.528104 1.512397 1.624387 1.131413 1.069622 1.143934 1.160601 1.173258 1.115734 1.142015 1.083030 1.410998 1.608657 1.483853 1.149565 1.432823 1.507885 1.409867 1.350403 1.404860 1.554687 1.439998 1.089965 1.490188 1.405001 1.405001 1.070450 1.119000 1.542999 1.542417 0.332464 0.332395 0.348085 3.248131 0.499342 0.369745 1.557984 1.562886 1.143128 1.036399 1.040287 1.003561 1.121911 1.425516 1.119960 1.551835 1.485990 1.219400 1.201670 1.570228 1.139173 1.151158
2.949870 2.876477 2.881214 2.861375 1.117187 1.210062 1.374664 2.974034 4.165312 1.495095 1.071153 1.085328 1.536446 1.595390 1.121881 1.034419 1.021536 1.087553 1.103894 1.126117 1.081844 1.037637 1.427197 1.209989 1.550708 1.110462 1.565278 1.565278 1.408060 1.449774 1.637591 1.500394 1.118393 1.130737 1.417214 1.392582 1.104895 1.066944 1.719248 3.245535 1.543543 1.119763 0.333056 0.393082 0.000000 1.729440 1.132337 1.136117 1.456839 1.100674 1.047694 1.043242 0.323277 0.334082 0.321796 0.368705 1.449721 1.462271 1.170242 1.476243 1.144786 1.572256 1.171024
2.905920 2.885828 2.876477 2.867790 2.871245 1.358518 1.117879 3.922817 1.081242 1.107840 1.120432 1.058446 1.095177 1.069507 1.173557 1.144991 1.651763 1.130275 1.101646 1.101646 1.120290 1.512185 1.073818 1.142669 1.523700 1.538718 1.083174 1.443789 1.422839 1.063291 1.668492 1.506934 1.113337 1.121731 1.065832 1.093544 1.402372 1.419436 1.719655 1.424716 1.120687 1.121367 0.367287 3.005190 0.000000 0.351727 0.352741 0.359473 0.365714 0.375345 0.355949 0.350924 0.327024 0.324803 0.323153 0.324851 1.149787 1.061122 1.142531 1.455150 1.454787 1.456518 1.171531
2.905321 2.894977 2.879396 2.885874 2.917630 1.133968 1.206287 1.071870 1.043806 1.084391 1.103733 1.103733 4.118353 1.095227 1.052837 1.503874 3.158761 1.622128 1.128052 1.400433 1.417578 1.518382 1.410081 1.159368 1.211424 1.096493 1.050940 1.426859 1.721366 1.680983 1.378085 1.402892 1.405620 1.416511 1.058942 1.098847 1.531808 8.022011 1.069538 1.070704 1.071724 1.723600 0.000000 0.000000 0.500431 1.099061 1.190558 1.257289 1.282027 1.242400 1.443436 1.130080 1.446168 1.087945 0.977782 0.314244 0.325419 0.326382 1.083330 1.442698 1.157079 1.458035 1.146894
